keyword,platform,pid,name,price,status,description,image_url,link,date,normalized_title,brand,model_name,product_type,is_accessory,storage_gb,trade_status,cpu_name,gpu_name,ram_gb,ssd_gb,performance_level
모니터,번개장터,237475589,(새상품) 모니터 연결선 여러개 팝니다.,5000,판매중,,https://media.bunjang.co.kr/product/237475589_1_1695642322_w{res}.jpg,https://m.bunjang.co.kr/products/237475589,2026-05-12 18:46,() 모니터 연결선 여러개 .,,,UNKNOWN,N,,SALE,,,,,UNKNOWN
모니터,번개장터,407646450,Mackie Big Knob 패시브 모니터 컨트롤러,80000,판매중,,https://media.bunjang.co.kr/product/407646450_1_1778579229_w{res}.jpg,https://m.bunjang.co.kr/products/407646450,2026-05-12 18:46,mackie big knob 패시브 모니터 컨트롤러,,,UNKNOWN,N,,SALE,,,,,UNKNOWN
모니터,번개장터,407646294,시크릿랩 모니터암 블랙 팝니다.,200000,판매중,,https://media.bunjang.co.kr/product/407646294_1_1778579122_w{res}.jpg,https://m.bunjang.co.kr/products/407646294,2026-05-12 18:45,시크릿랩 모니터암 블랙 .,,,UNKNOWN,N,,SALE,,,,,UNKNOWN
모니터,번개장터,407645605,4K 27인치 Mini-LED IPS 모니터,390000,판매중,,https://media.bunjang.co.kr/product/407645605_1_1778578897_w{res}.jpg,https://m.bunjang.co.kr/products/407645605,2026-05-12 18:41,4k 27인치 mini-led ips 모니터,,,UNKNOWN,N,,SALE,,,,,UNKNOWN
모니터,번개장터,407645080,16인치 144hz 휴대용 모니터,90000,판매중,,https://media.bunjang.co.kr/product/407645080_1_1778578955_w{res}.jpg,https://m.bunjang.co.kr/products/407645080,2026-05-12 18:38,16인치 144hz 휴대용 모니터,,,UNKNOWN,N,,SALE,,,,,UNKNOWN
모니터,번개장터,407645015,컴퓨터 본체 사무용 듀얼모니터 강추 i5 6500 GTX 1060 3G,420000,판매중,,https://media.bunjang.co.kr/product/407645015_1_1778578707_w{res}.jpg,https://m.bunjang.co.kr/products/407645015,2026-05-12 18:38,컴퓨터 본체 사무용 듀얼모니터 강추 i5 6500 gtx 1060 3g,,,desktop,N,,SALE,I5 6500,GTX1060,,,LOW
모니터,번개장터,407643787,"게이밍 컴퓨터 본체,마우스,모니터,키보드",970000,판매중,,https://media.bunjang.co.kr/product/407643787_1_1778578919_w{res}.jpg,https://m.bunjang.co.kr/products/407643787,2026-05-12 18:32,"게이밍 컴퓨터 본체,마우스,모니터,키보드",,,desktop,N,,SALE,,,,,UNKNOWN
모니터,번개장터,404563442,삼성전자 오디세이 qhd 350hz 27인치 모니터 팝니다,330000,판매중,,https://media.bunjang.co.kr/product/404563442_1_1777367303_w{res}.jpg,https://m.bunjang.co.kr/products/404563442,2026-05-12 18:32,삼성전자 오디세이 qhd 350hz 27인치 모니터,,,UNKNOWN,N,,SALE,,,,,UNKNOWN
모니터,번개장터,407643561,레이저 Moray 이어폰 인이어 모니터,85000,판매중,,https://media.bunjang.co.kr/product/407643561_1_1778578270_w{res}.jpg,https://m.bunjang.co.kr/products/407643561,2026-05-12 18:31,레이저 moray 이어폰 인이어 모니터,,,UNKNOWN,N,,SALE,,,,,UNKNOWN
모니터,번개장터,378006462,"도마뱀용 사료 팝니다. 사바나모니터, 나일모니터, 블랙스롯, 블루테일",20000,판매중,,https://media.bunjang.co.kr/product/378006462_1_1771824271_w{res}.jpg,https://m.bunjang.co.kr/products/378006462,2026-05-12 18:28,"도마뱀용 사료 . 사바나모니터, 나일모니터, 블랙스롯, 블루테일",,,UNKNOWN,N,,SALE,,,,,UNKNOWN
모니터,번개장터,407642931,한성 DQHD 울트라 와이드 모니터,350000,판매중,,https://media.bunjang.co.kr/product/407642931_1_1778578067_w{res}.jpg,https://m.bunjang.co.kr/products/407642931,2026-05-12 18:27,한성 dqhd 울트라 와이드 모니터,,,UNKNOWN,N,,SALE,,,,,UNKNOWN
모니터,번개장터,401561590,[미개봉] 가나디 모니터 방향제,14000,판매중,,https://media.bunjang.co.kr/product/401561590_1_1777448829_w{res}.jpg,https://m.bunjang.co.kr/products/401561590,2026-05-12 18:25,[] 가나디 모니터 방향제,,,UNKNOWN,N,,SALE,,,,,UNKNOWN
모니터,번개장터,407640242,MSI 274QP QD-OLED X24 27인치 oled 게이밍 모니터,400000,판매중,,https://media.bunjang.co.kr/product/407640242_1_1778577250_w{res}.jpg,https://m.bunjang.co.kr/products/407640242,2026-05-12 18:14,msi 274qp qd-oled x24 27인치 oled 게이밍 모니터,,,UNKNOWN,N,,SALE,,,,,UNKNOWN
모니터,번개장터,407639944,PRESONUS Eris Studio 5 프리소너스 모니터스피커 2개 1,110000,판매중,,https://media.bunjang.co.kr/product/407639944_1_1778577144_w{res}.jpg,https://m.bunjang.co.kr/products/407639944,2026-05-12 18:12,presonus eris studio 5 프리소너스 모니터스피커 2개 1,,,UNKNOWN,N,,SALE,,,,,UNKNOWN
모니터,번개장터,407509401,LG 32인치 게이밍모니터 32GK850F,180000,판매중,,https://media.bunjang.co.kr/product/407509401_1_1778511564_w{res}.jpg,https://m.bunjang.co.kr/products/407509401,2026-05-12 18:07,lg 32인치 게이밍모니터 32gk850f,,,UNKNOWN,N,,SALE,,,,,UNKNOWN
모니터,번개장터,407638323,플립뷰 듀얼 모니터,225000,판매중,,https://media.bunjang.co.kr/product/407638323_1_1778576633_w{res}.jpg,https://m.bunjang.co.kr/products/407638323,2026-05-12 18:03,플립뷰 듀얼 모니터,,,UNKNOWN,N,,SALE,,,,,UNKNOWN
모니터,번개장터,394311669,게이밍-BenQ XL2411b 24인치 게이밍-초A급,75000,판매중,,https://media.bunjang.co.kr/product/394311669_1_1773712588_w{res}.jpg,https://m.bunjang.co.kr/products/394311669,2026-05-12 18:00,게이밍-benq xl2411b 24인치 게이밍-초a급,,,UNKNOWN,N,,SALE,,,,,UNKNOWN
모니터,번개장터,407634248,오디세이 G5 S27CG550 165Hz  68.4cm(27인치) QHD,159000,판매중,,https://media.bunjang.co.kr/product/407634248_1_1778578430_w{res}.jpg,https://m.bunjang.co.kr/products/407634248,2026-05-12 17:57,오디세이 g5 s27cg550 165hz 68.4cm(27인치) qhd,,,UNKNOWN,N,,SALE,,,,,UNKNOWN
모니터,번개장터,407635089,벤큐 스크린바 헤일로 모니터 램프,190000,판매중,,https://media.bunjang.co.kr/product/407635089_1_1778575577_w{res}.jpg,https://m.bunjang.co.kr/products/407635089,2026-05-12 17:46,벤큐 스크린바 헤일로 모니터 램프,,,UNKNOWN,N,,SALE,,,,,UNKNOWN
모니터,번개장터,205116039,"미개봉 모니터 삼성 27인치 S27D300, 자비오 27/ 24인치",180000,판매중,,https://media.bunjang.co.kr/product/205116039_1_1772097259_w{res}.jpg,https://m.bunjang.co.kr/products/205116039,2026-05-12 17:43,"모니터 삼성 27인치 s27d300, 자비오 27/ 24인치",,,UNKNOWN,N,,SALE,,,,,UNKNOWN
모니터,번개장터,407633384,i5 6500 GTX 1060 3G 게이밍 컴퓨터 본체 사무용 듀얼모니터,420000,판매중,,https://media.bunjang.co.kr/product/407633384_1_1778575040_w{res}.jpg,https://m.bunjang.co.kr/products/407633384,2026-05-12 17:37,i5 6500 gtx 1060 3g 게이밍 컴퓨터 본체 사무용 듀얼모니터,,,desktop,N,,SALE,I5 6500,GTX1060,,,LOW
모니터,번개장터,358843139,JBL PRX415M 15인치 2way 모니터 스피커 팝니다,1500000,판매중,,https://media.bunjang.co.kr/product/358843139_1_1758872613_w{res}.jpg,https://m.bunjang.co.kr/products/358843139,2026-05-12 17:36,jbl prx415m 15인치 2way 모니터 스피커,,,UNKNOWN,N,,SALE,,RX415,,,UNKNOWN
모니터,번개장터,407633012,성인PC방 맞춤 전용 프리미엄 가성비 컴퓨터 본체 모니터 풀세트 팝니다,150000,판매중,,https://media.bunjang.co.kr/product/407633012_1_1778574935_w{res}.jpg,https://m.bunjang.co.kr/products/407633012,2026-05-12 17:35,성인pc방 맞춤 전용 프리미엄 가성비 컴퓨터 본체 모니터 풀세트,,,desktop,N,,SALE,,,,,UNKNOWN
모니터,번개장터,340055374,EIKON EK8NF 스튜디오 모니터 스피커 팝니다,550000,판매중,,https://media.bunjang.co.kr/product/340055374_1_1764060335_w{res}.jpg,https://m.bunjang.co.kr/products/340055374,2026-05-12 17:35,eikon ek8nf 스튜디오 모니터 스피커,,,UNKNOWN,N,,SALE,,,,,UNKNOWN
모니터,번개장터,393175220,먼작귀 치이카와 모니터 랜덤 디저트 히든 피규어,17000,판매중,,https://media.bunjang.co.kr/product/393175220_1_1775906895_w{res}.jpg,https://m.bunjang.co.kr/products/393175220,2026-05-12 17:34,먼작귀 치이카와 모니터 랜덤 디저트 히든 피규어,,,UNKNOWN,N,,SALE,,,,,UNKNOWN
모니터,번개장터,407631701,프리미엄! 성인PC방 맞춤 전용 가성비 컴퓨터 본체 모니터 풀세트 판매,150000,판매중,,https://media.bunjang.co.kr/product/407631701_1_1778574533_w{res}.jpg,https://m.bunjang.co.kr/products/407631701,2026-05-12 17:28,프리미엄! 성인pc방 맞춤 전용 가성비 컴퓨터 본체 모니터 풀세트,,,desktop,N,,SALE,,,,,UNKNOWN
모니터,번개장터,366287903,"(보조모니터, 캠핑, 업무용 미팅) 22인치 포터블 모니터 QHD 팝니다",249999,판매중,,https://media.bunjang.co.kr/product/366287903_1_1761917637_w{res}.jpg,https://m.bunjang.co.kr/products/366287903,2026-05-12 17:27,"(보조모니터, 캠핑, 업무용 미팅) 22인치 포터블 모니터 qhd",,,UNKNOWN,N,,SALE,,,,,UNKNOWN
모니터,번개장터,346965881,한성 커브드 모니터 3257 ULTRON 32인치 144HZ,130000,판매중,,https://media.bunjang.co.kr/product/346965881_1_1774806285_w{res}.jpg,https://m.bunjang.co.kr/products/346965881,2026-05-12 17:27,한성 커브드 모니터 3257 ultron 32인치 144hz,,,UNKNOWN,N,,SALE,,,,,UNKNOWN
모니터,번개장터,407535635,BenQ XL2586X+ 600hz 모니터 판매,1600000,판매중,,https://media.bunjang.co.kr/product/407535635_1_1778577315_w{res}.jpg,https://m.bunjang.co.kr/products/407535635,2026-05-12 17:26,benq xl2586x+ 600hz 모니터,,,UNKNOWN,N,,SALE,,,,,UNKNOWN
모니터,번개장터,407434598,게이밍 PC 풀세트 (본체/모니터/키보드/마우스/스피커),4000000,판매중,,https://media.bunjang.co.kr/product/407434598_1_1778514303_w{res}.jpg,https://m.bunjang.co.kr/products/407434598,2026-05-12 17:16,게이밍 pc 풀세트 (본체/모니터/키보드/마우스/스피커),,,desktop,N,,SALE,,,,,UNKNOWN
모니터,번개장터,407628877,성인 PC방 프리미엄 맞춤 전용 가성비 컴퓨터 본체 모니터 풀세트 팝니다,150000,판매중,,https://media.bunjang.co.kr/product/407628877_1_1778573735_w{res}.jpg,https://m.bunjang.co.kr/products/407628877,2026-05-12 17:15,성인 pc방 프리미엄 맞춤 전용 가성비 컴퓨터 본체 모니터 풀세트,,,desktop,N,,SALE,,,,,UNKNOWN
모니터,번개장터,407628853,한정특가! 성인PC방 맞춤 전용 가성비 컴퓨터 본체 모니터 풀세트 팝니다,150000,판매중,,https://media.bunjang.co.kr/product/407628853_1_1778573729_w{res}.jpg,https://m.bunjang.co.kr/products/407628853,2026-05-12 17:15,한정특가! 성인pc방 맞춤 전용 가성비 컴퓨터 본체 모니터 풀세트,,,desktop,N,,SALE,,,,,UNKNOWN
모니터,번개장터,402881336,한성 34인치 와이드 모니터,150000,판매중,,https://media.bunjang.co.kr/product/402881336_1_1776666979_w{res}.jpg,https://m.bunjang.co.kr/products/402881336,2026-05-12 17:13,한성 34인치 와이드 모니터,,,UNKNOWN,N,,SALE,,,,,UNKNOWN
모니터,번개장터,407303706,한성컴퓨터 UWQHD IPS 게이밍 리얼 144 울트라와이드 모니터,350000,판매중,,https://media.bunjang.co.kr/product/407303706_1_1778500374_w{res}.jpg,https://m.bunjang.co.kr/products/407303706,2026-05-12 17:12,한성컴퓨터 uwqhd ips 게이밍 리얼 144 울트라와이드 모니터,,,desktop,N,,SALE,,,,,UNKNOWN
모니터,번개장터,407627793,삼성 24인치 모니터 LS24F354,60000,판매중,,https://media.bunjang.co.kr/product/407627793_1_1778573484_w{res}.jpg,https://m.bunjang.co.kr/products/407627793,2026-05-12 17:11,삼성 24인치 모니터 ls24f354,,,UNKNOWN,N,,SALE,,,,,UNKNOWN
모니터,번개장터,403652715,LG 24인치 사무실용 LED B급 모니터 팝니다.,20000,판매중,,https://media.bunjang.co.kr/product/403652715_1_1778566768_w{res}.jpg,https://m.bunjang.co.kr/products/403652715,2026-05-12 17:07,lg 24인치 사무실용 led b급 모니터 .,,,UNKNOWN,N,,SALE,,,,,UNKNOWN
모니터,번개장터,400258974,게이밍 모니터-큐닉스 32인치 180HZ (A-급),90000,판매중,,https://media.bunjang.co.kr/product/400258974_1_1778138863_w{res}.jpg,https://m.bunjang.co.kr/products/400258974,2026-05-12 17:01,게이밍 모니터-큐닉스 32인치 180hz (a-급),,,UNKNOWN,N,,SALE,,,,,UNKNOWN
모니터,번개장터,196059321,[고사양 견적 가능] 게임용 본체 모니터 컴퓨터 풀세트 / 후기참고,380000,판매중,,https://media.bunjang.co.kr/product/196059321_1_1770311954_w{res}.jpg,https://m.bunjang.co.kr/products/196059321,2026-05-12 17:01,[고사양 견적 가능] 게임용 본체 모니터 컴퓨터 풀세트 / 후기참고,,,desktop,N,,SALE,,,,,UNKNOWN
모니터,번개장터,329287428,kvm 스위치 (새거),20000,판매중,,https://media.bunjang.co.kr/product/329287428_1_1756631232_w{res}.jpg,https://m.bunjang.co.kr/products/329287428,2026-05-12 17:00,kvm 스위치 (새거),,,UNKNOWN,N,,SALE,,,,,UNKNOWN
모니터,번개장터,407624996,LG 32인치 모니터 울트라기어 게이밍 모니터 165Hz,155000,판매중,,https://media.bunjang.co.kr/product/407624996_1_1778572898_w{res}.jpg,https://m.bunjang.co.kr/products/407624996,2026-05-12 16:58,lg 32인치 모니터 울트라기어 게이밍 모니터 165hz,,,UNKNOWN,N,,SALE,,,,,UNKNOWN
모니터,번개장터,396387596,"(세트) 마츠야 카레 랏코, 모니터 랏코 피규어",11000,판매중,,https://media.bunjang.co.kr/product/396387596_1_1776080011_w{res}.jpg,https://m.bunjang.co.kr/products/396387596,2026-05-12 16:58,"(세트) 마츠야 카레 랏코, 모니터 랏코 피규어",,,UNKNOWN,N,,SALE,,,,,UNKNOWN
모니터,번개장터,392482241,삼성 모니터 아답터 25W,7000,판매중,,https://media.bunjang.co.kr/product/392482241_1_1772352924_w{res}.jpg,https://m.bunjang.co.kr/products/392482241,2026-05-12 16:52,삼성 모니터 아답터 25w,,,UNKNOWN,N,,SALE,,,,,UNKNOWN
모니터,번개장터,407622993,선착순판매! 성인PC방 맞춤 전용 가성비 컴퓨터 본체 모니터 풀세트 판매,150000,판매중,,https://media.bunjang.co.kr/product/407622993_1_1778572121_w{res}.jpg,https://m.bunjang.co.kr/products/407622993,2026-05-12 16:48,선착순! 성인pc방 맞춤 전용 가성비 컴퓨터 본체 모니터 풀세트,,,desktop,N,,SALE,,,,,UNKNOWN
모니터,번개장터,406538635,레노버 휴대용 모니터 LT1421WD,60000,판매중,,https://media.bunjang.co.kr/product/406538635_1_1778498522_w{res}.jpg,https://m.bunjang.co.kr/products/406538635,2026-05-12 16:47,레노버 휴대용 모니터 lt1421wd,,,UNKNOWN,N,,SALE,,,,,UNKNOWN
모니터,번개장터,407621476,LG 삼성 모니터 24인치,66000,판매중,,https://media.bunjang.co.kr/product/407621476_1_1778571670_w{res}.jpg,https://m.bunjang.co.kr/products/407621476,2026-05-12 16:41,lg 삼성 모니터 24인치,,,UNKNOWN,N,,SALE,,,,,UNKNOWN
모니터,번개장터,351390822,모니터 메모보드 새상품,500,판매중,,https://media.bunjang.co.kr/product/351390822_1_1767267336_w{res}.jpg,https://m.bunjang.co.kr/products/351390822,2026-05-12 16:36,모니터 메모보드,,,UNKNOWN,N,,SALE,,,,,UNKNOWN
모니터,번개장터,407620359,컴퓨터 본체 사무용 듀얼모니터 강추 i5 6500 GTX 1060 3G,420000,판매중,,https://media.bunjang.co.kr/product/407620359_1_1778571342_w{res}.jpg,https://m.bunjang.co.kr/products/407620359,2026-05-12 16:35,컴퓨터 본체 사무용 듀얼모니터 강추 i5 6500 gtx 1060 3g,,,desktop,N,,SALE,I5 6500,GTX1060,,,LOW
모니터,번개장터,402967794,[중고] 삼성 모니터 번들 DVI 케이블 1.5m,750,판매중,,https://media.bunjang.co.kr/product/402967794_1_1776696888_w{res}.jpg,https://m.bunjang.co.kr/products/402967794,2026-05-12 16:35,[중고] 삼성 모니터 번들 dvi 케이블 1.5m,,,CABLE,Y,,SALE,,,,,UNKNOWN
모니터,번개장터,407619891,JBL 305P MKII 모니터 스피커 풀박 1조 판매,250000,판매중,,https://media.bunjang.co.kr/product/407619891_1_1778571213_w{res}.jpg,https://m.bunjang.co.kr/products/407619891,2026-05-12 16:33,jbl 305p mkii 모니터 스피커 1조,,,UNKNOWN,N,,SALE,,,,,UNKNOWN
모니터,번개장터,387176025,320*240 5.7 인치 EW32F10FDW LCD 모니터 아두이노,100000,판매중,,https://media.bunjang.co.kr/product/387176025_1_1772862095_w{res}.jpg,https://m.bunjang.co.kr/products/387176025,2026-05-12 16:29,320*240 5.7 인치 ew32f10fdw lcd 모니터 아두이노,,,UNKNOWN,N,,SALE,,,,,UNKNOWN
모니터,번개장터,405816814,삼성 커브드 32인치 모니터 화이트,120000,판매중,,https://media.bunjang.co.kr/product/405816814_1_1777856854_w{res}.jpg,https://m.bunjang.co.kr/products/405816814,2026-05-12 16:25,삼성 커브드 32인치 모니터 화이트,,,UNKNOWN,N,,SALE,,,,,UNKNOWN
모니터,번개장터,406783735,급처)게이밍컴퓨터 &캐논복합기 별도,900000,판매중,,https://media.bunjang.co.kr/product/406783735_1_1778561832_w{res}.jpg,https://m.bunjang.co.kr/products/406783735,2026-05-12 16:20,)게이밍컴퓨터 &캐논복합기 별도,,,desktop,N,,SALE,,,,,UNKNOWN
모니터,번개장터,407616547,sm7 뉴아트 ins모니터 및 센터 공조기 패널,100000,판매중,,https://media.bunjang.co.kr/product/407616547_1_1778570210_w{res}.jpg,https://m.bunjang.co.kr/products/407616547,2026-05-12 16:16,sm7 뉴아트 ins모니터 및 센터 공조기 패널,,,UNKNOWN,N,,SALE,,,,,UNKNOWN
모니터,번개장터,407616236,i5 6500 GTX 1060 3G 게이밍 컴퓨터 본체 사무용 듀얼모니터,420000,판매중,,https://media.bunjang.co.kr/product/407616236_1_1778570132_w{res}.jpg,https://m.bunjang.co.kr/products/407616236,2026-05-12 16:15,i5 6500 gtx 1060 3g 게이밍 컴퓨터 본체 사무용 듀얼모니터,,,desktop,N,,SALE,I5 6500,GTX1060,,,LOW
모니터,번개장터,407616174,한정판매! 성인PC방 맞춤 전용 가성비 컴퓨터 본체 모니터 풀세트 팝니다,150000,판매중,,https://media.bunjang.co.kr/product/407616174_1_1778570118_w{res}.jpg,https://m.bunjang.co.kr/products/407616174,2026-05-12 16:15,한정! 성인pc방 맞춤 전용 가성비 컴퓨터 본체 모니터 풀세트,,,desktop,N,,SALE,,,,,UNKNOWN
모니터,번개장터,407616076,플레이브 은호 25년 생일키트->플레이브 모니터피규어 교환,500,판매중,,https://media.bunjang.co.kr/product/407616076_1_1778570088_w{res}.jpg,https://m.bunjang.co.kr/products/407616076,2026-05-12 16:14,플레이브 은호 25년 생일키트->플레이브 모니터피규어 교환,,,UNKNOWN,N,,SALE,,,,,UNKNOWN
모니터,번개장터,394636965,A7V 모니터 스피커 아담 Adam 1조(2통) 모니터링 스피커,1700000,판매중,,https://media.bunjang.co.kr/product/394636965_1_1777979030_w{res}.jpg,https://m.bunjang.co.kr/products/394636965,2026-05-12 16:14,a7v 모니터 스피커 아담 adam 1조(2통) 모니터링 스피커,,,UNKNOWN,N,,SALE,,,,,UNKNOWN
모니터,번개장터,313923500,"정품 윈도우11 프로,홈 두 종류 DSP 패키지 (CD,인증키)",25000,판매중,,https://media.bunjang.co.kr/product/313923500_1_1772599332_w{res}.jpg,https://m.bunjang.co.kr/products/313923500,2026-05-12 16:09,"윈도우11 프로,홈 두 종류 dsp 패키지 (cd,인증키)",,,UNKNOWN,N,,SALE,,,,,UNKNOWN
모니터,번개장터,406792660,LG전자 24인치 모니터 가성비 모델 판매합니다,40000,판매중,,https://media.bunjang.co.kr/product/406792660_1_1778569348_w{res}.jpg,https://m.bunjang.co.kr/products/406792660,2026-05-12 16:03,lg전자 24인치 모니터 가성비 모델,,,UNKNOWN,N,,SALE,,,,,UNKNOWN
모니터,번개장터,94840294,[게임용 견적 및 모든견적 가능] 컴퓨터 풀세트 후기 참고 / 본체모니터,380000,판매중,,https://media.bunjang.co.kr/product/94840294_1_1771761051_w{res}.jpg,https://m.bunjang.co.kr/products/94840294,2026-05-12 16:01,[게임용 견적 및 모든견적 가능] 컴퓨터 풀세트 후기 참고 / 본체모니터,,,desktop,N,,SALE,,,,,UNKNOWN
모니터,번개장터,403191698,우드 데스크 정리함 책상 수납함 선반,5500,판매중,,https://media.bunjang.co.kr/product/403191698_1_1776806565_w{res}.jpg,https://m.bunjang.co.kr/products/403191698,2026-05-12 15:58,우드 데스크 정리함 책상 수납함 선반,,,FURNITURE,Y,,SALE,,,,,UNKNOWN
모니터,번개장터,352979470,삼성 TV 백라이트 XST550-HZ/WZ 6X13,10000,판매중,,https://media.bunjang.co.kr/product/352979470_1_1758247590_w{res}.jpg,https://m.bunjang.co.kr/products/352979470,2026-05-12 15:58,삼성 tv 백라이트 xst550-hz/wz 6x13,,,UNKNOWN,N,,SALE,,,,,UNKNOWN
모니터,번개장터,407612370,먼작귀 모니터 랜덤 피규어 랏코 모몽가 일괄,9000,판매중,,https://media.bunjang.co.kr/product/407612370_1_1778569185_w{res}.jpg,https://m.bunjang.co.kr/products/407612370,2026-05-12 15:56,먼작귀 모니터 랜덤 피규어 랏코 모몽가 일괄,,,UNKNOWN,N,,SALE,,,,,UNKNOWN
모니터,번개장터,407611586,HDMI 2.1 모니터 광 장거리 케이블 20m,48000,판매중,,https://media.bunjang.co.kr/product/407611586_1_1778568757_w{res}.jpg,https://m.bunjang.co.kr/products/407611586,2026-05-12 15:52,hdmi 2.1 모니터 광 장거리 케이블 20m,,,CABLE,Y,,SALE,,,,,UNKNOWN
모니터,번개장터,406879553,"7800X3D,RTX 4070 Ti SUPER 본체+벤큐 모니터 팝니다",3100000,판매중,,https://media.bunjang.co.kr/product/406879553_1_1778268929_w{res}.jpg,https://m.bunjang.co.kr/products/406879553,2026-05-12 15:44,"7800x3d,rtx 4070 ti super 본체+벤큐 모니터",,,desktop,N,,SALE,,RTX4070TI,,,HIGH
모니터,번개장터,406976689,삼성 오디세이 g5 모니터 스탠드 판매,30000,판매중,,https://media.bunjang.co.kr/product/406976689_1_1778311246_w{res}.jpg,https://m.bunjang.co.kr/products/406976689,2026-05-12 15:39,삼성 오디세이 g5 모니터 스탠드,,,UNKNOWN,N,,SALE,,,,,UNKNOWN
모니터,번개장터,391371209,<S급>LG 27인치 4K 144Hz UHD 게이밍 모니터 27GR93U,460000,판매중,,https://media.bunjang.co.kr/product/391371209_1_1778163786_w{res}.jpg,https://m.bunjang.co.kr/products/391371209,2026-05-12 15:37,<s급>lg 27인치 4k 144hz uhd 게이밍 모니터 27gr93u,,,UNKNOWN,N,,SALE,,,,,UNKNOWN
모니터,번개장터,407608017,컴퓨터 본체 사무용 듀얼모니터 강추 i5 6500 GTX 1060 3G,420000,판매중,,https://media.bunjang.co.kr/product/407608017_1_1778567673_w{res}.jpg,https://m.bunjang.co.kr/products/407608017,2026-05-12 15:34,컴퓨터 본체 사무용 듀얼모니터 강추 i5 6500 gtx 1060 3g,,,desktop,N,,SALE,I5 6500,GTX1060,,,LOW
모니터,번개장터,407607804,아르테시아 M200 모니터 스피커 4인치 2조 판매,50000,판매중,,https://media.bunjang.co.kr/product/407607804_1_1778567597_w{res}.jpg,https://m.bunjang.co.kr/products/407607804,2026-05-12 15:33,아르테시아 m200 모니터 스피커 4인치 2조,,,UNKNOWN,N,,SALE,,,,,UNKNOWN
모니터,번개장터,407607335,한성 27인치 게이밍 모니터 판매합니다.,120000,판매중,,https://media.bunjang.co.kr/product/407607335_1_1778567438_w{res}.jpg,https://m.bunjang.co.kr/products/407607335,2026-05-12 15:30,한성 27인치 게이밍 모니터 .,,,UNKNOWN,N,,SALE,,,,,UNKNOWN
모니터,번개장터,407607038,모몽가 히든 모니터 피규어,13000,판매중,,https://media.bunjang.co.kr/product/407607038_1_1778567336_w{res}.jpg,https://m.bunjang.co.kr/products/407607038,2026-05-12 15:28,모몽가 히든 모니터 피규어,,,UNKNOWN,N,,SALE,,,,,UNKNOWN
모니터,번개장터,405102123,네오지오 AES 풀박스 + 삼성 21인치 방송용 모니터+ 킹오브94 팩,1900000,판매중,,https://media.bunjang.co.kr/product/405102123_1_1778468882_w{res}.jpg,https://m.bunjang.co.kr/products/405102123,2026-05-12 15:24,네오지오 aes 스 + 삼성 21인치 방송용 모니터+ 킹오브94 팩,,,UNKNOWN,N,,SALE,,,,,UNKNOWN
모니터,번개장터,407605764,HDMI 2.1ver 모니터 장거리 광 케이블 50m,69000,판매중,,https://media.bunjang.co.kr/product/407605764_1_1778566955_w{res}.jpg,https://m.bunjang.co.kr/products/407605764,2026-05-12 15:22,hdmi 2.1ver 모니터 장거리 광 케이블 50m,,,CABLE,Y,,SALE,,,,,UNKNOWN
모니터,번개장터,397820465,"싱크마스터 17"" 스윙",25000,판매중,,https://media.bunjang.co.kr/product/397820465_1_1777587928_w{res}.jpg,https://m.bunjang.co.kr/products/397820465,2026-05-12 15:20,"싱크마스터 17"" 스윙",,,UNKNOWN,N,,SALE,,,,,UNKNOWN
모니터,번개장터,371786896,모니터 데스크탑 노트북 거치대 아크릴,6000,판매중,,https://media.bunjang.co.kr/product/371786896_1_1771690460_w{res}.jpg,https://m.bunjang.co.kr/products/371786896,2026-05-12 15:17,모니터 데스크탑 노트북 거치대 아크릴,,,STAND,Y,,SALE,,,,,UNKNOWN
모니터,번개장터,378560335,"미개봉 삼성모니터 27인치 S27D310, 자비오 24인치 27인치",180000,판매중,,https://media.bunjang.co.kr/product/378560335_1_1778207845_w{res}.jpg,https://m.bunjang.co.kr/products/378560335,2026-05-12 15:14,"삼성모니터 27인치 s27d310, 자비오 24인치 27인치",,,UNKNOWN,N,,SALE,,,,,UNKNOWN
모니터,번개장터,407415433,한성컴퓨터 ultron 2798k 27인치 4k 모니터,130000,판매중,,https://media.bunjang.co.kr/product/407415433_1_1778487335_w{res}.jpg,https://m.bunjang.co.kr/products/407415433,2026-05-12 15:10,한성컴퓨터 ultron 2798k 27인치 4k 모니터,,,desktop,N,,SALE,,,,,UNKNOWN
모니터,번개장터,402093593,KRK Rokit 5 스튜디오 모니터 스피커 2통,380000,판매중,,https://media.bunjang.co.kr/product/402093593_1_1777614091_w{res}.jpg,https://m.bunjang.co.kr/products/402093593,2026-05-12 15:10,krk rokit 5 스튜디오 모니터 스피커 2통,,,UNKNOWN,N,,SALE,,,,,UNKNOWN
모니터,번개장터,394686285,마샬 모니터3 A.N.C 블루투스헤드폰(단순개봉),325000,판매중,,https://media.bunjang.co.kr/product/394686285_1_1777529426_w{res}.jpg,https://m.bunjang.co.kr/products/394686285,2026-05-12 15:05,마샬 모니터3 a.n.c 블루투스헤드폰(단순개봉),,,UNKNOWN,N,,SALE,,,,,UNKNOWN
모니터,번개장터,391408184,[미개봉] 먼작귀 모니터 랜덤피규어,4000,판매중,,https://media.bunjang.co.kr/product/391408184_1_1774602659_w{res}.jpg,https://m.bunjang.co.kr/products/391408184,2026-05-12 14:55,[] 먼작귀 모니터 랜덤피규어,,,UNKNOWN,N,,SALE,,,,,UNKNOWN
모니터,번개장터,406748977,최고급 12인치모니터전용스피커 무대모니터스피커 고급형,298000,판매중,,https://media.bunjang.co.kr/product/406748977_1_1778220702_w{res}.jpg,https://m.bunjang.co.kr/products/406748977,2026-05-12 14:53,최고급 12인치모니터전용스피커 무대모니터스피커 고급형,,,UNKNOWN,N,,SALE,,,,,UNKNOWN
모니터,번개장터,407600305,i5 6500 GTX 1060 3G 게이밍 컴퓨터 본체 사무용 듀얼모니터,420000,판매중,,https://media.bunjang.co.kr/product/407600305_1_1778565226_w{res}.jpg,https://m.bunjang.co.kr/products/407600305,2026-05-12 14:53,i5 6500 gtx 1060 3g 게이밍 컴퓨터 본체 사무용 듀얼모니터,,,desktop,N,,SALE,I5 6500,GTX1060,,,LOW
모니터,번개장터,403128874,KRK Rokit G4 5인치 모니터 스피커 2개,300000,판매중,,https://media.bunjang.co.kr/product/403128874_1_1776770966_w{res}.jpg,https://m.bunjang.co.kr/products/403128874,2026-05-12 14:47,krk rokit g4 5인치 모니터 스피커 2개,,,UNKNOWN,N,,SALE,,,,,UNKNOWN
모니터,번개장터,407598269,HDMI 2.0 고성능 모니터 기본형 케이블 1.5m,6000,판매중,,https://media.bunjang.co.kr/product/407598269_1_1778564559_w{res}.jpg,https://m.bunjang.co.kr/products/407598269,2026-05-12 14:42,hdmi 2.0 고성능 모니터 기본형 케이블 1.5m,,,CABLE,Y,,SALE,,,,,UNKNOWN
모니터,번개장터,228134803,주현테크 22인치 모니터,60000,판매중,,https://media.bunjang.co.kr/product/228134803_1_1687747065_w{res}.jpg,https://m.bunjang.co.kr/products/228134803,2026-05-12 14:38,주현테크 22인치 모니터,,,UNKNOWN,N,,SALE,,,,,UNKNOWN
모니터,번개장터,406587349,마샬 모니터3 A.N.C  헤드폰 미개봉,390000,판매중,,https://media.bunjang.co.kr/product/406587349_1_1778145839_w{res}.jpg,https://m.bunjang.co.kr/products/406587349,2026-05-12 14:37,마샬 모니터3 a.n.c 헤드폰,,,UNKNOWN,N,,SALE,,,,,UNKNOWN
모니터,번개장터,275117404,"큐닉스 32인치 240Hz 모니터 판매!(게임,사무,주식,영상용,CAD)",170000,판매중,,https://media.bunjang.co.kr/product/275117404_1_1778564172_w{res}.jpg,https://m.bunjang.co.kr/products/275117404,2026-05-12 14:36,"큐닉스 32인치 240hz 모니터 !(게임,사무,주식,영상용,cad)",,,UNKNOWN,N,,SALE,,,,,UNKNOWN
모니터,번개장터,374187133,(구해요) 삼성 모니터 받침대,1000,판매중,,https://media.bunjang.co.kr/product/374187133_1_1765030858_w{res}.jpg,https://m.bunjang.co.kr/products/374187133,2026-05-12 14:35,(구해요) 삼성 모니터 받침대,,,UNKNOWN,N,,SALE,,,,,UNKNOWN
모니터,번개장터,407596594,i5 6500 GTX 1060 3G 게이밍 컴퓨터 본체 사무용 듀얼모니터,420000,판매중,,https://media.bunjang.co.kr/product/407596594_1_1778563996_w{res}.jpg,https://m.bunjang.co.kr/products/407596594,2026-05-12 14:33,i5 6500 gtx 1060 3g 게이밍 컴퓨터 본체 사무용 듀얼모니터,,,desktop,N,,SALE,I5 6500,GTX1060,,,LOW
모니터,번개장터,407596591,컴퓨터 본체 사무용 듀얼모니터 강추 i5 6500 GTX 1060 3G,420000,판매중,,https://media.bunjang.co.kr/product/407596591_1_1778563995_w{res}.jpg,https://m.bunjang.co.kr/products/407596591,2026-05-12 14:33,컴퓨터 본체 사무용 듀얼모니터 강추 i5 6500 gtx 1060 3g,,,desktop,N,,SALE,I5 6500,GTX1060,,,LOW
모니터,번개장터,407594429,LCD 모니터 확장 브라켓,7000,판매중,,https://media.bunjang.co.kr/product/407594429_1_1778563297_w{res}.jpg,https://m.bunjang.co.kr/products/407594429,2026-05-12 14:21,lcd 모니터 확장 브라켓,,,UNKNOWN,N,,SALE,,,,,UNKNOWN
모니터,번개장터,407593269,조립컴퓨터 모니터 풀셋트 32인치 144HZ 데스크탑,420000,판매중,,https://media.bunjang.co.kr/product/407593269_1_1778562942_w{res}.jpg,https://m.bunjang.co.kr/products/407593269,2026-05-12 14:15,조립컴퓨터 모니터 풀셋트 32인치 144hz 데스크탑,,,desktop,N,,SALE,,,,,UNKNOWN
모니터,번개장터,98233334,[원컴방송 및 게임용] 게이밍 컴퓨터 풀세트 / 후기참고 / 본체 모니터,380000,판매중,,https://media.bunjang.co.kr/product/98233334_1_1771761057_w{res}.jpg,https://m.bunjang.co.kr/products/98233334,2026-05-12 14:14,[원컴방송 및 게임용] 게이밍 컴퓨터 풀세트 / 후기참고 / 본체 모니터,,,desktop,N,,SALE,,,,,UNKNOWN
모니터,번개장터,407591802,HDMI 1.4 M/F 모니터 신호 연장 케이블 5m,13000,판매중,,https://media.bunjang.co.kr/product/407591802_1_1778562458_w{res}.jpg,https://m.bunjang.co.kr/products/407591802,2026-05-12 14:07,hdmi 1.4 m/f 모니터 신호 연장 케이블 5m,,,CABLE,Y,,SALE,,,,,UNKNOWN
모니터,번개장터,397133199,MSI 모니터 24인치 PRO MP242L750 100Hz 무결점 IPS,75000,판매중,,https://media.bunjang.co.kr/product/397133199_1_1774336060_w{res}.jpg,https://m.bunjang.co.kr/products/397133199,2026-05-12 14:02,msi 모니터 24인치 pro mp242l750 100hz 무결점 ips,,,UNKNOWN,N,,SALE,,,,,UNKNOWN
모니터,번개장터,255130975,RGB선 DVI선 모니터 연결선 모니터케이블,2000,판매중,,https://media.bunjang.co.kr/product/255130975_1_1721201667_w{res}.jpg,https://m.bunjang.co.kr/products/255130975,2026-05-12 14:01,rgb선 dvi선 모니터 연결선 모니터케이블,,,CABLE,Y,,SALE,,,,,UNKNOWN
모니터,번개장터,403075793,LG 27UL550 27인치 LED 모니터,190000,판매중,,https://media.bunjang.co.kr/product/403075793_1_1778500180_w{res}.jpg,https://m.bunjang.co.kr/products/403075793,2026-05-12 14:00,lg 27ul550 27인치 led 모니터,,,UNKNOWN,N,,SALE,,,,,UNKNOWN
모니터,번개장터,406506335,LG 플래트론 M1962D-PM 모니터,25000,판매중,,https://media.bunjang.co.kr/product/406506335_1_1778117625_w{res}.jpg,https://m.bunjang.co.kr/products/406506335,2026-05-12 13:57,lg 플래트론 m1962d-pm 모니터,,,UNKNOWN,N,,SALE,,,,,UNKNOWN
모니터,번개장터,405668677,ASUS ROG STRIX OLED XG27ACDMS 280hz 모니터,470000,판매중,,https://media.bunjang.co.kr/product/405668677_1_1778561797_w{res}.jpg,https://m.bunjang.co.kr/products/405668677,2026-05-12 13:56,asus rog strix oled xg27acdms 280hz 모니터,,,UNKNOWN,N,,SALE,,,,,UNKNOWN
모니터,번개장터,406365240,(새제품) 삼성 32인치 M5 스마트 모니터,245000,판매중,,https://media.bunjang.co.kr/product/406365240_1_1778384204_w{res}.jpg,https://m.bunjang.co.kr/products/406365240,2026-05-12 13:52,(새제품) 삼성 32인치 m5 스마트 모니터,,,UNKNOWN,N,,SALE,,,,,UNKNOWN
모니터,번개장터,407589305,공연용모니터스피커2개.글필독바람.,165000,판매중,,https://media.bunjang.co.kr/product/407589305_1_1778561551_w{res}.jpg,https://m.bunjang.co.kr/products/407589305,2026-05-12 13:52,공연용모니터스피커2개.글필독바람.,,,UNKNOWN,N,,SALE,,,,,UNKNOWN
모니터,번개장터,245805841,모니터  32인치 MSI  IPS 175HZ  새상품 풀박,600000,판매중,,https://media.bunjang.co.kr/product/245805841_1_1760930356_w{res}.jpg,https://m.bunjang.co.kr/products/245805841,2026-05-12 13:52,모니터 32인치 msi ips 175hz,,,UNKNOWN,N,,SALE,,,,,UNKNOWN
모니터,번개장터,407589048,클라인즈 40인치 FHD TV LED 티비 모니터 CCTV,120000,판매중,,https://media.bunjang.co.kr/product/407589048_1_1778561452_w{res}.jpg,https://m.bunjang.co.kr/products/407589048,2026-05-12 13:50,클라인즈 40인치 fhd tv led 티비 모니터 cctv,,,UNKNOWN,N,,SALE,,,,,UNKNOWN
모니터,번개장터,407187358,먼작귀 쿠리만쥬 컵케이크 모니터 피규어 컵케잌 치이카와,4250,판매중,,https://media.bunjang.co.kr/product/407187358_1_1778403852_w{res}.jpg,https://m.bunjang.co.kr/products/407187358,2026-05-12 13:50,먼작귀 쿠리만쥬 컵케이크 모니터 피규어 컵케잌 치이카와,,,UNKNOWN,N,,SALE,,,,,UNKNOWN
모니터,번개장터,407588561,LG 모니터 블랙,80000,판매중,,https://media.bunjang.co.kr/product/407588561_1_1778561323_w{res}.jpg,https://m.bunjang.co.kr/products/407588561,2026-05-12 13:49,lg 모니터 블랙,,,UNKNOWN,N,,SALE,,,,,UNKNOWN
모니터,번개장터,403214057,(23년제조/S급) LG전자 27인치 FHD 모니터 27MP400 판매합,90000,판매중,,https://media.bunjang.co.kr/product/403214057_1_1776821865_w{res}.jpg,https://m.bunjang.co.kr/products/403214057,2026-05-12 13:49,(23년제조/s급) lg전자 27인치 fhd 모니터 27mp400 합,,,UNKNOWN,N,,SALE,,,,,UNKNOWN
모니터,번개장터,407588694,클라인즈 32인치 FHD TV LED 티비 모니터 CCTV,90000,판매중,,https://media.bunjang.co.kr/product/407588694_1_1778561339_w{res}.jpg,https://m.bunjang.co.kr/products/407588694,2026-05-12 13:48,클라인즈 32인치 fhd tv led 티비 모니터 cctv,,,UNKNOWN,N,,SALE,,,,,UNKNOWN
모니터,번개장터,390192727,32인치 240Hz 중고 게이밍 / 사무용 모니터 입니다.,174500,판매중,,https://media.bunjang.co.kr/product/390192727_1_1771488458_w{res}.jpg,https://m.bunjang.co.kr/products/390192727,2026-05-12 13:48,32인치 240hz 중고 게이밍 / 사무용 모니터 입니다.,,,UNKNOWN,N,,SALE,,,,,UNKNOWN
모니터,번개장터,389876149,컴퓨터 CPU i7 860 i5 750 760 57 개 일괄,200000,판매중,,https://media.bunjang.co.kr/product/389876149_1_1775866895_w{res}.jpg,https://m.bunjang.co.kr/products/389876149,2026-05-12 13:48,컴퓨터 cpu i7 860 i5 750 760 57 개 일괄,,,desktop,N,,SALE,I7 860,,,,UNKNOWN
모니터,번개장터,320300316,컴퓨터 CPU i3 4130~i3 4160 21개 일괄판매 (메인보드 램,105000,판매중,,https://media.bunjang.co.kr/product/320300316_1_1778332690_w{res}.jpg,https://m.bunjang.co.kr/products/320300316,2026-05-12 13:48,컴퓨터 cpu i3 4130~i3 4160 21개 일괄 (메인보드 램,,,PARTS,Y,,SALE,I3 4130,,,,LOW
모니터,번개장터,406688592,컴퓨터 H61 메인보드 12개 일괄판매 (CPU 램 그래픽카드,100000,판매중,,https://media.bunjang.co.kr/product/406688592_1_1778284914_w{res}.jpg,https://m.bunjang.co.kr/products/406688592,2026-05-12 13:47,컴퓨터 h61 메인보드 12개 일괄 (cpu 램 그래픽카드,,,PARTS,Y,,SALE,,,,,UNKNOWN
모니터,번개장터,407588321,클라인즈 32인치 HD TV LED 티비 모니터 CCTV,70000,판매중,,https://media.bunjang.co.kr/product/407588321_1_1778561228_w{res}.jpg,https://m.bunjang.co.kr/products/407588321,2026-05-12 13:47,클라인즈 32인치 hd tv led 티비 모니터 cctv,,,UNKNOWN,N,,SALE,,,,,UNKNOWN
모니터,번개장터,407587739,LG전자 27인치 4K UHD 모니터 (27UD69P) 판매합니다,70000,판매중,,https://media.bunjang.co.kr/product/407587739_1_1778561345_w{res}.jpg,https://m.bunjang.co.kr/products/407587739,2026-05-12 13:44,lg전자 27인치 4k uhd 모니터 (27ud69p),,,UNKNOWN,N,,SALE,,,,,UNKNOWN
모니터,번개장터,407587719,[미개봉 새상품] LG UHD 4K 모니터 43U712A,530000,판매중,,https://media.bunjang.co.kr/product/407587719_1_1778561306_w{res}.jpg,https://m.bunjang.co.kr/products/407587719,2026-05-12 13:44,[ ] lg uhd 4k 모니터 43u712a,,,UNKNOWN,N,,SALE,,,,,UNKNOWN
모니터,번개장터,407587650,디엑스 40인치 FHD TV LED 티비 CCTV 모니터,120000,판매중,,https://media.bunjang.co.kr/product/407587650_1_1778561021_w{res}.jpg,https://m.bunjang.co.kr/products/407587650,2026-05-12 13:43,디엑스 40인치 fhd tv led 티비 cctv 모니터,,,UNKNOWN,N,,SALE,,,,,UNKNOWN
모니터,번개장터,403401527,모니터 충전기 어댑터 블랙,2500,판매중,,https://media.bunjang.co.kr/product/403401527_1_1778471052_w{res}.jpg,https://m.bunjang.co.kr/products/403401527,2026-05-12 13:39,모니터 충전기 어댑터 블랙,,,CHARGER,Y,,SALE,,,,,UNKNOWN
모니터,번개장터,387157005,아반톤 CLA-10A 모니터 스피커,750000,판매중,,https://media.bunjang.co.kr/product/387157005_1_1776829516_w{res}.jpg,https://m.bunjang.co.kr/products/387157005,2026-05-12 13:35,아반톤 cla-10a 모니터 스피커,,,UNKNOWN,N,,SALE,,,,,UNKNOWN
모니터,번개장터,407585555,컴퓨터 본체 사무용 듀얼모니터 강추 i5 6500 GTX 1060 3G,420000,판매중,,https://media.bunjang.co.kr/product/407585555_1_1778560310_w{res}.jpg,https://m.bunjang.co.kr/products/407585555,2026-05-12 13:31,컴퓨터 본체 사무용 듀얼모니터 강추 i5 6500 gtx 1060 3g,,,desktop,N,,SALE,I5 6500,GTX1060,,,LOW
모니터,번개장터,407585554,i5 6500 GTX 1060 3G 게이밍 컴퓨터 본체 사무용 듀얼모니터,420000,판매중,,https://media.bunjang.co.kr/product/407585554_1_1778560309_w{res}.jpg,https://m.bunjang.co.kr/products/407585554,2026-05-12 13:31,i5 6500 gtx 1060 3g 게이밍 컴퓨터 본체 사무용 듀얼모니터,,,desktop,N,,SALE,I5 6500,GTX1060,,,LOW
모니터,번개장터,347201493,"큐닉스 24인치 144Hz 모니터 판매!(사무,게임,주식,영상용,CAD)",80000,판매중,,https://media.bunjang.co.kr/product/347201493_1_1775282949_w{res}.jpg,https://m.bunjang.co.kr/products/347201493,2026-05-12 13:24,"큐닉스 24인치 144hz 모니터 !(사무,게임,주식,영상용,cad)",,,UNKNOWN,N,,SALE,,,,,UNKNOWN
모니터,번개장터,339675842,"사무용 게임용 조립컴퓨터 판매!(사무,게임,주식,CAD,포토샵,영상편집)",700000,판매중,,https://media.bunjang.co.kr/product/339675842_1_1776063310_w{res}.jpg,https://m.bunjang.co.kr/products/339675842,2026-05-12 13:24,"사무용 게임용 조립컴퓨터 !(사무,게임,주식,cad,포토샵,영상편집)",,,desktop,N,,SALE,,,,,UNKNOWN
모니터,번개장터,331927730,"LG 24인치 모니터 판매!(사무,게임,주식,CCTV,CAD,영상용)",66000,판매중,,https://media.bunjang.co.kr/product/331927730_1_1775282848_w{res}.jpg,https://m.bunjang.co.kr/products/331927730,2026-05-12 13:24,"lg 24인치 모니터 !(사무,게임,주식,cctv,cad,영상용)",,,UNKNOWN,N,,SALE,,,,,UNKNOWN
모니터,번개장터,407023595,델 aw2724hf 360hz 27인치 모니터,330000,판매중,,https://media.bunjang.co.kr/product/407023595_1_1778559776_w{res}.jpg,https://m.bunjang.co.kr/products/407023595,2026-05-12 13:24,델 aw2724hf 360hz 27인치 모니터,,,UNKNOWN,N,,SALE,,,,,UNKNOWN
모니터,번개장터,333073747,TD HD tv 모니터 24인치,50000,판매중,,https://media.bunjang.co.kr/product/333073747_1_1746968335_w{res}.jpg,https://m.bunjang.co.kr/products/333073747,2026-05-12 13:23,td hd tv 모니터 24인치,,,UNKNOWN,N,,SALE,,,,,UNKNOWN
모니터,번개장터,406961029,클레버 타키온 모니터 조명,16000,판매중,,https://media.bunjang.co.kr/product/406961029_1_1778306732_w{res}.jpg,https://m.bunjang.co.kr/products/406961029,2026-05-12 13:19,클레버 타키온 모니터 조명,,,UNKNOWN,N,,SALE,,,,,UNKNOWN
모니터,번개장터,179297122,YAMAKASI 324 LED SLIM IPS 모니터,40000,판매중,,https://media.bunjang.co.kr/product/179297122_1_1738851965_w{res}.jpg,https://m.bunjang.co.kr/products/179297122,2026-05-12 13:18,yamakasi 324 led slim ips 모니터,,,UNKNOWN,N,,SALE,,,,,UNKNOWN
모니터,번개장터,407582979,24인치 IPS HDR 내장스피커 HDMI/D-SUB 모니터,85000,판매중,,https://media.bunjang.co.kr/product/407582979_1_1778559396_w{res}.jpg,https://m.bunjang.co.kr/products/407582979,2026-05-12 13:16,24인치 ips hdr 내장스피커 hdmi/d-sub 모니터,,,UNKNOWN,N,,SALE,,,,,UNKNOWN
모니터,번개장터,407582489,1080P 베이비 카 미러 모니터(카메라 포함) 4.3인치 IPS 스크린,19000,판매중,,https://media.bunjang.co.kr/product/407582489_1_1778559221_w{res}.jpg,https://m.bunjang.co.kr/products/407582489,2026-05-12 13:13,1080p 베이비 카 미러 모니터(카메라 포함) 4.3인치 ips 스크린,,,UNKNOWN,N,,SALE,,,,,UNKNOWN
모니터,번개장터,407582061,컴퓨터 본체 사무용 듀얼모니터 강추 i5 6500 GTX 1060 3G,420000,판매중,,https://media.bunjang.co.kr/product/407582061_1_1778559076_w{res}.jpg,https://m.bunjang.co.kr/products/407582061,2026-05-12 13:11,컴퓨터 본체 사무용 듀얼모니터 강추 i5 6500 gtx 1060 3g,,,desktop,N,,SALE,I5 6500,GTX1060,,,LOW
모니터,번개장터,407555430,주연테크 86cm WQHD 리오나인 울트라와이드 평면 게이밍모니터 HDR,250000,판매중,,https://media.bunjang.co.kr/product/407555430_1_1778548669_w{res}.jpg,https://m.bunjang.co.kr/products/407555430,2026-05-12 13:07,주연테크 86cm wqhd 리오나인 울트라와이드 평면 게이밍모니터 hdr,,,UNKNOWN,N,,SALE,,,,,UNKNOWN
모니터,번개장터,307889789,코웰 모니터 CM2710G 165hz FHD 27인치,110000,판매중,,https://media.bunjang.co.kr/product/307889789_1_1735170043_w{res}.jpg,https://m.bunjang.co.kr/products/307889789,2026-05-12 13:06,코웰 모니터 cm2710g 165hz fhd 27인치,,,UNKNOWN,N,,SALE,,,,,UNKNOWN
모니터,번개장터,405694185,벤큐 XL2566K 모니터 (실사용 2달),700000,판매중,,https://media.bunjang.co.kr/product/405694185_1_1777822928_w{res}.jpg,https://m.bunjang.co.kr/products/405694185,2026-05-12 13:06,벤큐 xl2566k 모니터 (실사용 2달),,,UNKNOWN,N,,SALE,,,,,UNKNOWN
모니터,번개장터,405174897,LG 32GP850 모니터 (상태S급),350000,판매중,,https://media.bunjang.co.kr/product/405174897_1_1777624674_w{res}.jpg,https://m.bunjang.co.kr/products/405174897,2026-05-12 13:06,lg 32gp850 모니터 (상태s급),,,UNKNOWN,N,,SALE,,,,,UNKNOWN
모니터,번개장터,370168136,미사용 2개 세트 모니터 스티커 메모 주최자 데스크 모니터용 스티커 메모,5310,판매중,,https://media.bunjang.co.kr/product/370168136_1_1763468972_w{res}.jpg,https://m.bunjang.co.kr/products/370168136,2026-05-12 13:05,미사용 2개 세트 모니터 스티커 메모 주최자 데스크 모니터용 스티커 메모,,,UNKNOWN,N,,SALE,,,,,UNKNOWN
모니터,번개장터,398076537,삼성 G60SF OLED 모니터 신품급 팝니다,915000,판매중,,https://media.bunjang.co.kr/product/398076537_1_1774762040_w{res}.jpg,https://m.bunjang.co.kr/products/398076537,2026-05-12 13:03,삼성 g60sf oled 모니터 신품급,,,UNKNOWN,N,,SALE,,,,,UNKNOWN
모니터,번개장터,407580327,LG 그램 보조모니터,200000,판매중,,https://media.bunjang.co.kr/product/407580327_1_1778558467_w{res}.jpg,https://m.bunjang.co.kr/products/407580327,2026-05-12 13:01,lg 그램 보조모니터,,,UNKNOWN,N,,SALE,,,,,UNKNOWN
모니터,번개장터,407168894,삼성 스마트 모니터 M5 32인치 LS32DM5 미개봉,235000,판매중,,https://media.bunjang.co.kr/product/407168894_1_1778499790_w{res}.jpg,https://m.bunjang.co.kr/products/407168894,2026-05-12 13:01,삼성 스마트 모니터 m5 32인치 ls32dm5,,,UNKNOWN,N,,SALE,,,,,UNKNOWN
모니터,번개장터,406489530,레노버 ThinkVision M15 휴대용 포터블 모니터,175000,판매중,,https://media.bunjang.co.kr/product/406489530_1_1778105899_w{res}.jpg,https://m.bunjang.co.kr/products/406489530,2026-05-12 12:56,레노버 thinkvision m15 휴대용 포터블 모니터,,,UNKNOWN,N,,SALE,,,,,UNKNOWN
모니터,번개장터,407579407,AMD 라이젠 7500F RTX 4060Ti 게이밍 PC 풀세트(모니터,1300000,판매중,,https://media.bunjang.co.kr/product/407579407_1_1778558067_w{res}.jpg,https://m.bunjang.co.kr/products/407579407,2026-05-12 12:54,amd 라이젠 7500f rtx 4060ti 게이밍 pc 풀세트(모니터,,,desktop,N,,SALE,RYZEN 7500F,RTX4060TI,,,MID
모니터,번개장터,406530514,고사양 컴퓨터 본체 모니터 장비 각개 판매합니다,999999,판매중,,https://media.bunjang.co.kr/product/406530514_1_1778127776_w{res}.jpg,https://m.bunjang.co.kr/products/406530514,2026-05-12 12:53,고사양 컴퓨터 본체 모니터 장비 각개,,,desktop,N,,SALE,,,,,UNKNOWN
모니터,번개장터,396948907,NEXTU 스마트 모니터 클립 LED 램프,17000,판매중,,https://media.bunjang.co.kr/product/396948907_1_1774252161_w{res}.jpg,https://m.bunjang.co.kr/products/396948907,2026-05-12 12:51,nextu 스마트 모니터 클립 led 램프,,,UNKNOWN,N,,SALE,,,,,UNKNOWN
모니터,번개장터,390425672,(고장) iloud mm 모니터스피커 1통,30000,판매중,,https://media.bunjang.co.kr/product/390425672_1_1777549650_w{res}.jpg,https://m.bunjang.co.kr/products/390425672,2026-05-12 12:51,(고장) iloud mm 모니터스피커 1통,,,PARTS,Y,,SALE,,,,,UNKNOWN
모니터,번개장터,406816465,소니 mdr7506 모니터링헤드폰,60000,판매중,,https://media.bunjang.co.kr/product/406816465_1_1778480020_w{res}.jpg,https://m.bunjang.co.kr/products/406816465,2026-05-12 12:51,소니 mdr7506 모니터링헤드폰,,,UNKNOWN,N,,SALE,,,,,UNKNOWN
모니터,번개장터,407578217,폭스바겐 폴로 오디오 AV시스템 모니터 1K0035186 AN,90000,판매중,,https://media.bunjang.co.kr/product/407578217_1_1778557771_w{res}.jpg,https://m.bunjang.co.kr/products/407578217,2026-05-12 12:46,폭스바겐 폴로 오디오 av시스템 모니터 1k0035186 an,,,UNKNOWN,N,,SALE,,,,,UNKNOWN
모니터,번개장터,172627251,"엘라고 iMac 아이맥, 애플모니터에 장착 맥북 거치대",45000,판매중,,https://media.bunjang.co.kr/product/172627251_1_1718871079_w{res}.jpg,https://m.bunjang.co.kr/products/172627251,2026-05-12 12:46,"엘라고 imac 아이맥, 애플모니터에 장착 맥북 거치대",애플,맥북,STAND,Y,,SALE,,,,,UNKNOWN
모니터,번개장터,406487383,고사양게밍pc+모니터,2599200,판매중,,https://media.bunjang.co.kr/product/406487383_1_1778187418_w{res}.jpg,https://m.bunjang.co.kr/products/406487383,2026-05-12 12:45,고사양게밍pc+모니터,,,desktop,N,,SALE,,,,,UNKNOWN
모니터,번개장터,361100989,뉴에쿠스 순정 모니터,45000,판매중,,https://media.bunjang.co.kr/product/361100989_1_1764768808_w{res}.jpg,https://m.bunjang.co.kr/products/361100989,2026-05-12 12:43,뉴에쿠스 순정 모니터,,,UNKNOWN,N,,SALE,,,,,UNKNOWN
모니터,번개장터,407577690,알파스캔 AOC U27U3XD 4K 모니터 팔아요,350000,판매중,,https://media.bunjang.co.kr/product/407577690_1_1778557403_w{res}.jpg,https://m.bunjang.co.kr/products/407577690,2026-05-12 12:43,알파스캔 aoc u27u3xd 4k 모니터,,,UNKNOWN,N,,SALE,,,,,UNKNOWN
모니터,번개장터,157303925,삼성전자 정품 24형 3면 베젤리스 모니터  팝니다,99000,판매중,,https://media.bunjang.co.kr/product/157303925_1_1749381186_w{res}.jpg,https://m.bunjang.co.kr/products/157303925,2026-05-12 12:42,삼성전자 24형 3면 베젤리스 모니터,,,UNKNOWN,N,,SALE,,,,,UNKNOWN
모니터,번개장터,254075633,Imazu 이마쥬 주방모니터만 판매 (부품용),25000,판매중,,https://media.bunjang.co.kr/product/254075633_1_1760495467_w{res}.jpg,https://m.bunjang.co.kr/products/254075633,2026-05-12 12:38,imazu 이마쥬 주방모니터만 (부품용),,,PARTS,Y,,SALE,,,,,UNKNOWN
모니터,번개장터,406364767,ROG SWIFT OLED PG27AQDP 게이밍 모니터 판매해요,1490000,판매중,,https://media.bunjang.co.kr/product/406364767_1_1778056394_w{res}.jpg,https://m.bunjang.co.kr/products/406364767,2026-05-12 12:37,rog swift oled pg27aqdp 게이밍 모니터 해요,,,UNKNOWN,N,,SALE,,,,,UNKNOWN
모니터,번개장터,93294716,[사은품+무료배송]게이밍 PC 철제 노트북 컴퓨터 데스크탑 테이블 책상,77000,판매중,,https://media.bunjang.co.kr/product/93294716_1_1773305874_w{res}.jpg,https://m.bunjang.co.kr/products/93294716,2026-05-12 12:31,[사은품+무료배송]게이밍 pc 철제 노트북 컴퓨터 데스크탑 테이블 책상,,,FURNITURE,Y,,SALE,,,,,UNKNOWN
모니터,번개장터,407432226,LG 32인치모니터 32MN58HMW,120000,판매중,,https://media.bunjang.co.kr/product/407432226_1_1778488155_w{res}.jpg,https://m.bunjang.co.kr/products/407432226,2026-05-12 12:29,lg 32인치모니터 32mn58hmw,,,UNKNOWN,N,,SALE,,,,,UNKNOWN
모니터,번개장터,406926077,모니터거치대,20000,판매중,,https://media.bunjang.co.kr/product/406926077_1_1778295229_w{res}.jpg,https://m.bunjang.co.kr/products/406926077,2026-05-12 12:29,모니터거치대,,,STAND,Y,,SALE,,,,,UNKNOWN
모니터,번개장터,406925735,모니터암,30000,판매중,,https://media.bunjang.co.kr/product/406925735_1_1778482756_w{res}.jpg,https://m.bunjang.co.kr/products/406925735,2026-05-12 12:29,모니터암,,,UNKNOWN,N,,SALE,,,,,UNKNOWN
모니터,번개장터,402885825,SONY 카메라모니터,200000,판매중,,https://media.bunjang.co.kr/product/402885825_1_1778462132_w{res}.jpg,https://m.bunjang.co.kr/products/402885825,2026-05-12 12:29,sony 카메라모니터,,,UNKNOWN,N,,SALE,,,,,UNKNOWN
모니터,번개장터,402615243,8K UHD 모니터분배기 택포3만,20000,판매중,,https://media.bunjang.co.kr/product/402615243_1_1778482712_w{res}.jpg,https://m.bunjang.co.kr/products/402615243,2026-05-12 12:29,8k uhd 모니터분배기 3만,,,UNKNOWN,N,,SALE,,,,,UNKNOWN
모니터,번개장터,402611436,4K 트리플 모니터 분배기 팝니다.,80000,판매중,,https://media.bunjang.co.kr/product/402611436_1_1778482699_w{res}.jpg,https://m.bunjang.co.kr/products/402611436,2026-05-12 12:29,4k 트리플 모니터 분배기 .,,,UNKNOWN,N,,SALE,,,,,UNKNOWN
모니터,번개장터,406922521,Dell p2424ht 델 터치모니터 24인치,290000,판매중,,https://media.bunjang.co.kr/product/406922521_1_1778482675_w{res}.jpg,https://m.bunjang.co.kr/products/406922521,2026-05-12 12:29,dell p2424ht 델 터치모니터 24인치,,,UNKNOWN,N,,SALE,,,,,UNKNOWN
모니터,번개장터,406921108,모니터거치대,15000,판매중,,https://media.bunjang.co.kr/product/406921108_1_1778482657_w{res}.jpg,https://m.bunjang.co.kr/products/406921108,2026-05-12 12:28,모니터거치대,,,STAND,Y,,SALE,,,,,UNKNOWN
모니터,번개장터,403216009,LG전자 울트라기어 34GL750 게이밍 144hz 커브드 모니터 IPS,290000,판매중,,https://media.bunjang.co.kr/product/403216009_1_1777605237_w{res}.jpg,https://m.bunjang.co.kr/products/403216009,2026-05-12 12:26,lg전자 울트라기어 34gl750 게이밍 144hz 커브드 모니터 ips,,,UNKNOWN,N,,SALE,,,,,UNKNOWN
모니터,번개장터,406518651,DELL UltraSharp U2719D QHD 27인치 모니터,150000,판매중,,https://media.bunjang.co.kr/product/406518651_1_1778122965_w{res}.jpg,https://m.bunjang.co.kr/products/406518651,2026-05-12 12:26,dell ultrasharp u2719d qhd 27인치 모니터,,,UNKNOWN,N,,SALE,,,,,UNKNOWN
모니터,번개장터,403215196,Dell 울트라샤프 U2718Q 4K UHD 27인치 모니터 IPS,195000,판매중,,https://media.bunjang.co.kr/product/403215196_1_1778128759_w{res}.jpg,https://m.bunjang.co.kr/products/403215196,2026-05-12 12:26,dell 울트라샤프 u2718q 4k uhd 27인치 모니터 ips,,,UNKNOWN,N,,SALE,,,,,UNKNOWN
모니터,번개장터,393701372,래안텍 32인치 게이밍 모니터 180hz 게임용 컴퓨터 롤 배그,145000,판매중,,https://media.bunjang.co.kr/product/393701372_1_1772866456_w{res}.jpg,https://m.bunjang.co.kr/products/393701372,2026-05-12 12:26,래안텍 32인치 게이밍 모니터 180hz 게임용 컴퓨터 롤 배그,,,desktop,N,,SALE,,,,,UNKNOWN
모니터,번개장터,381749862,삼성전자 S27H850 QHD PLS광시야각 고해상도 27인치모니터 피벗,145000,판매중,,https://media.bunjang.co.kr/product/381749862_1_1774484034_w{res}.jpg,https://m.bunjang.co.kr/products/381749862,2026-05-12 12:26,삼성전자 s27h850 qhd pls광시야각 고해상도 27인치모니터 피벗,,,UNKNOWN,N,,SALE,,,,,UNKNOWN
모니터,번개장터,381748454,삼성전자 고해상도 UHD (UJ590) U32J592 32인치모니터,235000,판매중,,https://media.bunjang.co.kr/product/381748454_1_1772527953_w{res}.jpg,https://m.bunjang.co.kr/products/381748454,2026-05-12 12:26,삼성전자 고해상도 uhd (uj590) u32j592 32인치모니터,,,UNKNOWN,N,,SALE,,,,,UNKNOWN
모니터,번개장터,393703656,32인치 게이밍 모니터 180hz 144hz 게임용 롤 배그 발로란트,145000,판매중,,https://media.bunjang.co.kr/product/393703656_1_1772867016_w{res}.jpg,https://m.bunjang.co.kr/products/393703656,2026-05-12 12:26,32인치 게이밍 모니터 180hz 144hz 게임용 롤 배그 발로란트,,,UNKNOWN,N,,SALE,,,,,UNKNOWN
모니터,번개장터,407574340,3V 1A SMPS 모니터호환 전원 어댑터,9000,판매중,,https://media.bunjang.co.kr/product/407574340_1_1778556109_w{res}.jpg,https://m.bunjang.co.kr/products/407574340,2026-05-12 12:21,3v 1a smps 모니터호환 전원 어댑터,,,ADAPTER,Y,,SALE,,,,,UNKNOWN
모니터,번개장터,405940978,LG 38gl950g 커브드 울트라와이드 모니터,650000,판매중,,https://media.bunjang.co.kr/product/405940978_1_1778289534_w{res}.jpg,https://m.bunjang.co.kr/products/405940978,2026-05-12 12:19,lg 38gl950g 커브드 울트라와이드 모니터,,,UNKNOWN,N,,SALE,,,,,UNKNOWN
모니터,번개장터,404692373,LG 울트라기어 34gs95qe OLED 게이밍모니터,800000,판매중,,https://media.bunjang.co.kr/product/404692373_1_1777445086_w{res}.jpg,https://m.bunjang.co.kr/products/404692373,2026-05-12 12:18,lg 울트라기어 34gs95qe oled 게이밍모니터,,,UNKNOWN,N,,SALE,,,,,UNKNOWN
모니터,번개장터,130166015,"에쿠스VI AVN 무출데크,7인치 모니터,앰프 팝니다.",70000,판매중,,https://media.bunjang.co.kr/product/130166015_1_1773721003_w{res}.jpg,https://m.bunjang.co.kr/products/130166015,2026-05-12 12:15,"에쿠스vi avn 무출데크,7인치 모니터,앰프 .",,,UNKNOWN,N,,SALE,,,,,UNKNOWN
모니터,번개장터,403213927,DELL UltraSharp U2722D QHD 27인치 모니터 IPS,800000,판매중,,https://media.bunjang.co.kr/product/403213927_1_1778141362_w{res}.jpg,https://m.bunjang.co.kr/products/403213927,2026-05-12 12:11,dell ultrasharp u2722d qhd 27인치 모니터 ips,,,UNKNOWN,N,,SALE,,,,,UNKNOWN
모니터,번개장터,386748086,LG전자 울트라기어 34UC79G 144hz 커브드 게이밍 34인치모니터,265000,판매중,,https://media.bunjang.co.kr/product/386748086_1_1776484739_w{res}.jpg,https://m.bunjang.co.kr/products/386748086,2026-05-12 12:11,lg전자 울트라기어 34uc79g 144hz 커브드 게이밍 34인치모니터,,,UNKNOWN,N,,SALE,,,,,UNKNOWN
모니터,번개장터,406518109,DELL UltraSharp U2717D QHD 27인치 모니터,150000,판매중,,https://media.bunjang.co.kr/product/406518109_1_1778122745_w{res}.jpg,https://m.bunjang.co.kr/products/406518109,2026-05-12 12:11,dell ultrasharp u2717d qhd 27인치 모니터,,,UNKNOWN,N,,SALE,,,,,UNKNOWN
모니터,번개장터,393702843,앰텍 32인치 게이밍 모니터 180hz 144hz 롤 배그 발로란트,145000,판매중,,https://media.bunjang.co.kr/product/393702843_1_1772866819_w{res}.jpg,https://m.bunjang.co.kr/products/393702843,2026-05-12 12:11,앰텍 32인치 게이밍 모니터 180hz 144hz 롤 배그 발로란트,,,UNKNOWN,N,,SALE,,,,,UNKNOWN
모니터,번개장터,373801022,지원아이앤씨코리아 G32F 200HZ 게이밍 32인치 모니터 게임용,155000,판매중,,https://media.bunjang.co.kr/product/373801022_1_1772864601_w{res}.jpg,https://m.bunjang.co.kr/products/373801022,2026-05-12 12:11,지원아이앤씨코리아 g32f 200hz 게이밍 32인치 모니터 게임용,,,UNKNOWN,N,,SALE,,,,,UNKNOWN
모니터,번개장터,407572028,v28ue-m v2 4k 모니터,140000,판매중,,https://media.bunjang.co.kr/product/407572028_1_1778555276_w{res}.jpg,https://m.bunjang.co.kr/products/407572028,2026-05-12 12:07,v28ue-m v2 4k 모니터,,,UNKNOWN,N,,SALE,,,,,UNKNOWN
모니터,번개장터,407571980,금도금 DVI-D 싱글 양방향 모니터 케이블 10m,17000,판매중,,https://media.bunjang.co.kr/product/407571980_1_1778555256_w{res}.jpg,https://m.bunjang.co.kr/products/407571980,2026-05-12 12:07,금도금 dvi-d 싱글 양방향 모니터 케이블 10m,,,CABLE,Y,,SALE,,,,,UNKNOWN
모니터,번개장터,407571957,삼성 수동 CD VCD DVD 비디오 플레이어 (오디오 앰프 TV 모니터,250000,판매중,,https://media.bunjang.co.kr/product/407571957_1_1778555246_w{res}.jpg,https://m.bunjang.co.kr/products/407571957,2026-05-12 12:07,삼성 수동 cd vcd dvd 비디오 플레이어 (오디오 앰프 tv 모니터,,,UNKNOWN,N,,SALE,,,,,UNKNOWN
모니터,번개장터,273572811,dell p2422h 모니터 메인보드와 파워보드,20000,판매중,,https://media.bunjang.co.kr/product/273572811_1_1748172412_w{res}.jpg,https://m.bunjang.co.kr/products/273572811,2026-05-12 12:01,dell p2422h 모니터 메인보드와 파워보드,,,PARTS,Y,,SALE,,,,,UNKNOWN
모니터,번개장터,343015240,게이밍모니터 32인치 144Hz 판매 여러대있음 ! 대전직거래도가능,165000,판매중,,https://media.bunjang.co.kr/product/343015240_1_1766389902_w{res}.jpg,https://m.bunjang.co.kr/products/343015240,2026-05-12 11:58,게이밍모니터 32인치 144hz 여러대있음 ! 대전도가능,,,UNKNOWN,N,,SALE,,,,,UNKNOWN
모니터,번개장터,160301269,벤큐 밴큐 XL2720 27인치 144 게이밍 게임용모니터,119000,판매중,,https://media.bunjang.co.kr/product/160301269_1_1768646735_w{res}.jpg,https://m.bunjang.co.kr/products/160301269,2026-05-12 11:56,벤큐 밴큐 xl2720 27인치 144 게이밍 게임용모니터,,,UNKNOWN,N,,SALE,,,,,UNKNOWN
모니터,번개장터,328732069,20 22 23 인치 모니터 판매합니다,25000,판매중,,https://media.bunjang.co.kr/product/328732069_1_1778554487_w{res}.jpg,https://m.bunjang.co.kr/products/328732069,2026-05-12 11:54,20 22 23 인치 모니터,,,UNKNOWN,N,,SALE,,,,,UNKNOWN
모니터,번개장터,364174615,모니터암 Economical MV-G1A VESA 지원,30000,판매중,,https://media.bunjang.co.kr/product/364174615_1_1763080868_w{res}.jpg,https://m.bunjang.co.kr/products/364174615,2026-05-12 11:54,모니터암 economical mv-g1a vesa 지원,,,UNKNOWN,N,,SALE,,,,,UNKNOWN
모니터,번개장터,402465451,라이젠 9700X RX 초고수양 게이밍 컴퓨터 본체 모니터 풀세트 PC,1900000,판매중,,https://media.bunjang.co.kr/product/402465451_1_1776514077_w{res}.jpg,https://m.bunjang.co.kr/products/402465451,2026-05-12 11:50,라이젠 9700x rx 초고수양 게이밍 컴퓨터 본체 모니터 풀세트 pc,,,desktop,N,,SALE,RYZEN 9700X,,,,UNKNOWN
모니터,번개장터,398351848,LG 32인치 모니터,220000,판매중,,https://media.bunjang.co.kr/product/398351848_1_1774868480_w{res}.jpg,https://m.bunjang.co.kr/products/398351848,2026-05-12 11:47,lg 32인치 모니터,,,UNKNOWN,N,,SALE,,,,,UNKNOWN
모니터,번개장터,395343283,LG 울트라HD 모니터,320000,판매중,,https://media.bunjang.co.kr/product/395343283_1_1776161721_w{res}.jpg,https://m.bunjang.co.kr/products/395343283,2026-05-12 11:44,lg 울트라hd 모니터,,,UNKNOWN,N,,SALE,,,,,UNKNOWN
모니터,번개장터,406568643,ASUS ROG STRIX XG32UCWG OLED 4K 모니터,890000,판매중,,https://media.bunjang.co.kr/product/406568643_1_1778140334_w{res}.jpg,https://m.bunjang.co.kr/products/406568643,2026-05-12 11:43,asus rog strix xg32ucwg oled 4k 모니터,,,UNKNOWN,N,,SALE,,,,,UNKNOWN
모니터,번개장터,397653753,"OKPOS 포스기 세트 (본체, 모니터, 프린터, 카드단말기.금고)",100000,판매중,,https://media.bunjang.co.kr/product/397653753_1_1776821294_w{res}.jpg,https://m.bunjang.co.kr/products/397653753,2026-05-12 11:42,"okpos 포스기 세트 (본체, 모니터, 프린터, 카드단말기.금고)",,,desktop,N,,SALE,,,,,UNKNOWN
모니터,번개장터,403475870,델 Dell 에일리언웨어 AW2524H 게이밍 모니터 500HZ,650000,판매중,,https://media.bunjang.co.kr/product/403475870_1_1778102345_w{res}.jpg,https://m.bunjang.co.kr/products/403475870,2026-05-12 11:38,델 dell 에일리언웨어 aw2524h 게이밍 모니터 500hz,,,UNKNOWN,N,,SALE,,,,,UNKNOWN
모니터,번개장터,404921222,삼성 오디세이 G3 게이밍 모니터 27인치,195000,판매중,,https://media.bunjang.co.kr/product/404921222_1_1777519639_w{res}.jpg,https://m.bunjang.co.kr/products/404921222,2026-05-12 11:37,삼성 오디세이 g3 게이밍 모니터 27인치,,,UNKNOWN,N,,SALE,,,,,UNKNOWN
모니터,번개장터,407432411,Gtx960 4G 그래픽카드+모니터케이블dvi,42000,판매중,,https://media.bunjang.co.kr/product/407432411_1_1778488145_w{res}.jpg,https://m.bunjang.co.kr/products/407432411,2026-05-12 11:35,gtx960 4g 그래픽카드+모니터케이블dvi,,,CABLE,Y,,SALE,,,,,UNKNOWN
모니터,번개장터,403310709,LG 360 에르고 ergo 모니터암,100000,판매중,,https://media.bunjang.co.kr/product/403310709_1_1776852146_w{res}.jpg,https://m.bunjang.co.kr/products/403310709,2026-05-12 11:33,lg 360 에르고 ergo 모니터암,,,UNKNOWN,N,,SALE,,,,,UNKNOWN
모니터,번개장터,403307976,삼성 오디세이 (S25BG400E) 240hz 모니터,200000,판매중,,https://media.bunjang.co.kr/product/403307976_1_1776851389_w{res}.jpg,https://m.bunjang.co.kr/products/403307976,2026-05-12 11:33,삼성 오디세이 (s25bg400e) 240hz 모니터,,,UNKNOWN,N,,SALE,,,,,UNKNOWN
모니터,번개장터,397384214,LG IPTV겸용 32인치 모니터 (32SP510M),160000,판매중,,https://media.bunjang.co.kr/product/397384214_1_1774438934_w{res}.jpg,https://m.bunjang.co.kr/products/397384214,2026-05-12 11:33,lg iptv겸용 32인치 모니터 (32sp510m),,,UNKNOWN,N,,SALE,,,,,UNKNOWN
모니터,번개장터,392930344,삼성 F27T350 IPS 75Hz 27인치 모니터,110000,판매중,,https://media.bunjang.co.kr/product/392930344_1_1772528691_w{res}.jpg,https://m.bunjang.co.kr/products/392930344,2026-05-12 11:32,삼성 f27t350 ips 75hz 27인치 모니터,,,UNKNOWN,N,,SALE,,,,,UNKNOWN
모니터,번개장터,370581951,제이씨현 UDEA LOOK LK2720LA 유케어 75 시력보호 모니터,79000,판매중,,https://media.bunjang.co.kr/product/370581951_1_1763643402_w{res}.jpg,https://m.bunjang.co.kr/products/370581951,2026-05-12 11:32,제이씨현 udea look lk2720la 유케어 75 시력보호 모니터,,,UNKNOWN,N,,SALE,,,,,UNKNOWN
모니터,번개장터,390412595,그랜저 IG 2018년 8인치 AVN 모니터 96525-G8000,50000,판매중,,https://media.bunjang.co.kr/product/390412595_1_1776168975_w{res}.jpg,https://m.bunjang.co.kr/products/390412595,2026-05-12 11:31,그랜저 ig 2018년 8인치 avn 모니터 96525-g8000,,,UNKNOWN,N,,SALE,,,,,UNKNOWN
모니터,번개장터,407565343,(엘지전자) IPSX236 플래트론 LED 모니터 23인치,58000,판매중,,https://media.bunjang.co.kr/product/407565343_1_1778552709_w{res}.jpg,https://m.bunjang.co.kr/products/407565343,2026-05-12 11:25,(엘지전자) ipsx236 플래트론 led 모니터 23인치,,,UNKNOWN,N,,SALE,,,,,UNKNOWN
모니터,번개장터,407564893,SM3 L38 트립모니터 판매합니다,18000,판매중,,https://media.bunjang.co.kr/product/407564893_1_1778552552_w{res}.jpg,https://m.bunjang.co.kr/products/407564893,2026-05-12 11:22,sm3 l38 트립모니터,,,UNKNOWN,N,,SALE,,,,,UNKNOWN
모니터,번개장터,407382097,삼성 오디세이 G5 S32DG500 IPS 32인치 QHD 평면 모니터,230000,판매중,,https://media.bunjang.co.kr/product/407382097_1_1778550652_w{res}.jpg,https://m.bunjang.co.kr/products/407382097,2026-05-12 11:19,삼성 오디세이 g5 s32dg500 ips 32인치 qhd 평면 모니터,,,UNKNOWN,N,,SALE,,,,,UNKNOWN
모니터,번개장터,407564409,Steinberg UR28M - 모니터 컨트롤러  + 오디오 인터페이스,160000,판매중,,https://media.bunjang.co.kr/product/407564409_1_1778552374_w{res}.jpg,https://m.bunjang.co.kr/products/407564409,2026-05-12 11:19,steinberg ur28m - 모니터 컨트롤러 + 오디오 인터페이스,,,UNKNOWN,N,,SALE,,,,,UNKNOWN
모니터,번개장터,404696950,야마하 전자드럼 모니터 시스템,270000,판매중,,https://media.bunjang.co.kr/product/404696950_1_1777451369_w{res}.jpg,https://m.bunjang.co.kr/products/404696950,2026-05-12 11:18,야마하 전자드럼 모니터 시스템,,,UNKNOWN,N,,SALE,,,,,UNKNOWN
모니터,번개장터,254664212,BenQ PD2700Q 아이케어 디자이너모니터,130000,판매중,,https://media.bunjang.co.kr/product/254664212_1_1775085349_w{res}.jpg,https://m.bunjang.co.kr/products/254664212,2026-05-12 11:18,benq pd2700q 아이케어 디자이너모니터,,,UNKNOWN,N,,SALE,,,,,UNKNOWN
모니터,번개장터,385543330,한성 ULTRON 3278 QHD 모니터,130000,판매중,,https://media.bunjang.co.kr/product/385543330_1_1776737621_w{res}.jpg,https://m.bunjang.co.kr/products/385543330,2026-05-12 11:17,한성 ultron 3278 qhd 모니터,,,UNKNOWN,N,,SALE,,,,,UNKNOWN
모니터,번개장터,405361750,모니터 mini led 100hz 450nits 24g54팝니다.,80000,판매중,,https://media.bunjang.co.kr/product/405361750_1_1777859088_w{res}.jpg,https://m.bunjang.co.kr/products/405361750,2026-05-12 11:12,모니터 mini led 100hz 450nits 24g54.,,,UNKNOWN,N,,SALE,,,,,UNKNOWN
모니터,번개장터,402630587,LG 24GL650 게이밍 모니터 (144HZ) 직거래만 가능,90000,판매중,,https://media.bunjang.co.kr/product/402630587_1_1778504730_w{res}.jpg,https://m.bunjang.co.kr/products/402630587,2026-05-12 11:11,lg 24gl650 게이밍 모니터 (144hz) 만 가능,,,UNKNOWN,N,,SALE,,,,,UNKNOWN
모니터,번개장터,307675914,24인치 삼성 LCD 모니터,23500,판매중,,https://media.bunjang.co.kr/product/307675914_1_1776817563_w{res}.jpg,https://m.bunjang.co.kr/products/307675914,2026-05-12 11:10,24인치 삼성 lcd 모니터,,,UNKNOWN,N,,SALE,,,,,UNKNOWN
모니터,번개장터,118163134,게임용 본체 / 게이밍 모니터 / 컴퓨터 풀세트 특가 [사무용 견적가능],380000,판매중,,https://media.bunjang.co.kr/product/118163134_1_1771761069_w{res}.jpg,https://m.bunjang.co.kr/products/118163134,2026-05-12 11:01,게임용 본체 / 게이밍 모니터 / 컴퓨터 풀세트 특가 [사무용 견적가능],,,desktop,N,,SALE,,,,,UNKNOWN
모니터,번개장터,407197540,델 S2722QC 27인치 4K 모니터,250000,판매중,,https://media.bunjang.co.kr/product/407197540_1_1778397047_w{res}.jpg,https://m.bunjang.co.kr/products/407197540,2026-05-12 11:01,델 s2722qc 27인치 4k 모니터,,,UNKNOWN,N,,SALE,,,,,UNKNOWN
모니터,번개장터,407561442,[정품] Yamaha HS7 액티브 모니터 스피커 (1통/단품),200000,판매중,,https://media.bunjang.co.kr/product/407561442_1_1778551197_w{res}.jpg,https://m.bunjang.co.kr/products/407561442,2026-05-12 10:59,[] yamaha hs7 액티브 모니터 스피커 (1통/단품),,,UNKNOWN,N,,SALE,,,,,UNKNOWN
모니터,번개장터,407561296,한성컴퓨터 울트론 2758 Plus 모니터,75000,판매중,,https://media.bunjang.co.kr/product/407561296_1_1778551136_w{res}.jpg,https://m.bunjang.co.kr/products/407561296,2026-05-12 10:58,한성컴퓨터 울트론 2758 plus 모니터,,,desktop,N,,SALE,,,,,UNKNOWN
모니터,번개장터,251816080,스마트 티비겸모니터 32인치,150000,판매중,,https://media.bunjang.co.kr/product/251816080_1_1756797357_w{res}.jpg,https://m.bunjang.co.kr/products/251816080,2026-05-12 10:58,스마트 티비겸모니터 32인치,,,UNKNOWN,N,,SALE,,,,,UNKNOWN
모니터,번개장터,234653874,LG 32인치HD 티비겸 모니터,160000,판매중,,https://media.bunjang.co.kr/product/234653874_1_1768401071_w{res}.jpg,https://m.bunjang.co.kr/products/234653874,2026-05-12 10:58,lg 32인치hd 티비겸 모니터,,,UNKNOWN,N,,SALE,,,,,UNKNOWN
모니터,번개장터,184626543,삼성전자 32인치 (TV겸 모니터),160000,판매중,,https://media.bunjang.co.kr/product/184626543_1_1766542196_w{res}.jpg,https://m.bunjang.co.kr/products/184626543,2026-05-12 10:58,삼성전자 32인치 (tv겸 모니터),,,UNKNOWN,N,,SALE,,,,,UNKNOWN
모니터,번개장터,407560271,LG 울트라기어 24GL600F,70000,판매중,,https://media.bunjang.co.kr/product/407560271_1_1778550705_w{res}.jpg,https://m.bunjang.co.kr/products/407560271,2026-05-12 10:51,lg 울트라기어 24gl600f,,,UNKNOWN,N,,SALE,,,,,UNKNOWN
모니터,번개장터,203937289,영상장비 카메라 캠코더 액션캠 짐벌 렌즈 프로젝터 조명 촬영모니터 고프로,1000000,판매중,,https://media.bunjang.co.kr/product/203937289_1_1735349731_w{res}.jpg,https://m.bunjang.co.kr/products/203937289,2026-05-12 10:46,영상장비 카메라 캠코더 액션캠 짐벌 렌즈 프로젝터 조명 촬영모니터 고프로,,,UNKNOWN,N,,SALE,,,,,UNKNOWN
모니터,번개장터,391705380,비햅핀 모듈 모니터 미드센츄리 받침대,27000,판매중,,https://media.bunjang.co.kr/product/391705380_1_1775716399_w{res}.jpg,https://m.bunjang.co.kr/products/391705380,2026-05-12 10:41,비햅핀 모듈 모니터 미드센츄리 받침대,,,UNKNOWN,N,,SALE,,,,,UNKNOWN
모니터,번개장터,400269894,벤큐 27인치 모니터 EW2780 FHD 75Hz 아이케어 274,119900,판매중,,https://media.bunjang.co.kr/product/400269894_1_1775642376_w{res}.jpg,https://m.bunjang.co.kr/products/400269894,2026-05-12 10:40,벤큐 27인치 모니터 ew2780 fhd 75hz 아이케어 274,,,UNKNOWN,N,,SALE,,,,,UNKNOWN
모니터,번개장터,262649506,델 22인치 모니터 P2217H 피벗(회전),55000,판매중,,https://media.bunjang.co.kr/product/262649506_1_1777883471_w{res}.jpg,https://m.bunjang.co.kr/products/262649506,2026-05-12 10:40,델 22인치 모니터 p2217h 피벗(회전),,,UNKNOWN,N,,SALE,,,,,UNKNOWN
모니터,번개장터,404513930,LG 울트라기어 27GL650F 144Hz 게이밍 모니터,130000,판매중,,https://media.bunjang.co.kr/product/404513930_1_1778382135_w{res}.jpg,https://m.bunjang.co.kr/products/404513930,2026-05-12 10:37,lg 울트라기어 27gl650f 144hz 게이밍 모니터,,,UNKNOWN,N,,SALE,,,,,UNKNOWN
모니터,번개장터,406799304,먼작귀 모니터 피규어 치이카와,3500,판매중,,https://media.bunjang.co.kr/product/406799304_1_1778236090_w{res}.jpg,https://m.bunjang.co.kr/products/406799304,2026-05-12 10:37,먼작귀 모니터 피규어 치이카와,,,UNKNOWN,N,,SALE,,,,,UNKNOWN
모니터,번개장터,407375669,Lg 27g810a 모니터 팔아요,300000,판매중,,https://media.bunjang.co.kr/product/407375669_1_1778470683_w{res}.jpg,https://m.bunjang.co.kr/products/407375669,2026-05-12 10:36,lg 27g810a 모니터,,,UNKNOWN,N,,SALE,,,,,UNKNOWN
모니터,번개장터,400099494,삼성 QHD 32인치 144hz 커브드 모니터,129900,판매중,,https://media.bunjang.co.kr/product/400099494_1_1777117589_w{res}.jpg,https://m.bunjang.co.kr/products/400099494,2026-05-12 10:36,삼성 qhd 32인치 144hz 커브드 모니터,,,UNKNOWN,N,,SALE,,,,,UNKNOWN
모니터,번개장터,386434648,( 정품 ) 람보르기니 아벤타도르 순정 센터 모니터 커버 판매합니다,1000000,판매중,,https://media.bunjang.co.kr/product/386434648_1_1769960882_w{res}.jpg,https://m.bunjang.co.kr/products/386434648,2026-05-12 10:35,( ) 람보르기니 아벤타도르 순정 센터 모니터 커버,,,CASE,Y,,SALE,,,,,UNKNOWN
모니터,번개장터,388571345,"TG 24인치 모니터 판매!(사무,게임,주식,CCTV,CAD,영상용)",60000,판매중,,https://media.bunjang.co.kr/product/388571345_1_1775283226_w{res}.jpg,https://m.bunjang.co.kr/products/388571345,2026-05-12 10:33,"tg 24인치 모니터 !(사무,게임,주식,cctv,cad,영상용)",,,UNKNOWN,N,,SALE,,,,,UNKNOWN
모니터,번개장터,366210844,"가람 32인치 240Hz 모니터 판매!(사무,게임,주식,영상용,CAD)",170000,판매중,,https://media.bunjang.co.kr/product/366210844_1_1778564082_w{res}.jpg,https://m.bunjang.co.kr/products/366210844,2026-05-12 10:33,"가람 32인치 240hz 모니터 !(사무,게임,주식,영상용,cad)",,,UNKNOWN,N,,SALE,,,,,UNKNOWN
모니터,번개장터,366208872,"벤큐 27인치 144Hz 모니터 판매!(사무,게임,주식,영상용,CAD)",160000,판매중,,https://media.bunjang.co.kr/product/366208872_1_1775283042_w{res}.jpg,https://m.bunjang.co.kr/products/366208872,2026-05-12 10:33,"벤큐 27인치 144hz 모니터 !(사무,게임,주식,영상용,cad)",,,UNKNOWN,N,,SALE,,,,,UNKNOWN
모니터,번개장터,366207833,"루컴즈 24인치 모니터 판매!(사무,게임,주식,CCTV,CAD,영상용)",60000,판매중,,https://media.bunjang.co.kr/product/366207833_1_1775283164_w{res}.jpg,https://m.bunjang.co.kr/products/366207833,2026-05-12 10:33,"루컴즈 24인치 모니터 !(사무,게임,주식,cctv,cad,영상용)",,,UNKNOWN,N,,SALE,,,,,UNKNOWN
모니터,번개장터,312820920,"배틀지 32인치 180Hz 모니터 판매!(게임,사무,주식,영상용,CAD)",150000,판매중,,https://media.bunjang.co.kr/product/312820920_1_1778564919_w{res}.jpg,https://m.bunjang.co.kr/products/312820920,2026-05-12 10:33,"배틀지 32인치 180hz 모니터 !(게임,사무,주식,영상용,cad)",,,UNKNOWN,N,,SALE,,,,,UNKNOWN
모니터,번개장터,387752197,레노버 리전 게이밍 고화질 4K 모니터 27인치 무결점 박스풀,350000,판매중,,https://media.bunjang.co.kr/product/387752197_1_1770470246_w{res}.jpg,https://m.bunjang.co.kr/products/387752197,2026-05-12 10:30,레노버 리전 게이밍 고화질 4k 모니터 27인치 무결점 박스풀,,,BOX,Y,,SALE,,,,,UNKNOWN
모니터,번개장터,393754874,치이카와 모니터 피규어(시사),3000,판매중,,https://media.bunjang.co.kr/product/393754874_1_1772881481_w{res}.jpg,https://m.bunjang.co.kr/products/393754874,2026-05-12 10:28,치이카와 모니터 피규어(시사),,,UNKNOWN,N,,SALE,,,,,UNKNOWN
모니터,번개장터,338380888,27인치 가성비 게이밍 모니터 165Hz FHD,169500,판매중,,https://media.bunjang.co.kr/product/338380888_1_1749451680_w{res}.jpg,https://m.bunjang.co.kr/products/338380888,2026-05-12 10:27,27인치 가성비 게이밍 모니터 165hz fhd,,,UNKNOWN,N,,SALE,,,,,UNKNOWN
모니터,번개장터,365657735,32인치 게이밍 모니터 한 번 보고 가세요,174500,판매중,,https://media.bunjang.co.kr/product/365657735_1_1773888907_w{res}.jpg,https://m.bunjang.co.kr/products/365657735,2026-05-12 10:27,32인치 게이밍 모니터 한 번 보고 가세요,,,UNKNOWN,N,,SALE,,,,,UNKNOWN
모니터,번개장터,407556696,i3-12100f 사무용 컴퓨터 / 한성 24인치 모니터,370000,판매중,,https://media.bunjang.co.kr/product/407556696_1_1778549252_w{res}.jpg,https://m.bunjang.co.kr/products/407556696,2026-05-12 10:27,i3-12100f 사무용 컴퓨터 / 한성 24인치 모니터,,,desktop,N,,SALE,I3-12100F,,,,UNKNOWN
모니터,번개장터,89277977,"40인치 UHD LED TV ( 모니터 , 무료배송 )",288000,판매중,,https://media.bunjang.co.kr/product/89277977_1_1630023427_w{res}.jpg,https://m.bunjang.co.kr/products/89277977,2026-05-12 10:27,"40인치 uhd led tv ( 모니터 , 무료배송 )",,,UNKNOWN,N,,SALE,,,,,UNKNOWN
모니터,번개장터,198783846,75인치 UHD 4K LED TV(새제품 무료배송)티비,890000,판매중,,https://media.bunjang.co.kr/product/198783846_1_1662696043_w{res}.jpg,https://m.bunjang.co.kr/products/198783846,2026-05-12 10:27,75인치 uhd 4k led tv(새제품 무료배송)티비,,,UNKNOWN,N,,SALE,,,,,UNKNOWN
모니터,번개장터,191847796,50인치 UHD 4K LED TV 미개봉 새제품 무료배송 모니터 텔레비전,378000,판매중,,https://media.bunjang.co.kr/product/191847796_1_1710308306_w{res}.jpg,https://m.bunjang.co.kr/products/191847796,2026-05-12 10:27,50인치 uhd 4k led tv 새제품 무료배송 모니터 텔레비전,,,UNKNOWN,N,,SALE,,,,,UNKNOWN
모니터,번개장터,191847069,40인치 UHD 4K LED TV 미개봉 새제품 무료배송 모니터,288000,판매중,,https://media.bunjang.co.kr/product/191847069_1_1678977149_w{res}.jpg,https://m.bunjang.co.kr/products/191847069,2026-05-12 10:27,40인치 uhd 4k led tv 새제품 무료배송 모니터,,,UNKNOWN,N,,SALE,,,,,UNKNOWN
모니터,번개장터,244741303,65인치 UHD 4K LED TV 미개봉 새제품 무료배송 모니터 티비,538000,판매중,,https://media.bunjang.co.kr/product/244741303_1_1701347537_w{res}.jpg,https://m.bunjang.co.kr/products/244741303,2026-05-12 10:27,65인치 uhd 4k led tv 새제품 무료배송 모니터 티비,,,UNKNOWN,N,,SALE,,,,,UNKNOWN
모니터,번개장터,244647951,50인치 UHD 4K LED TV(새제품 무료배송),360000,판매중,,https://media.bunjang.co.kr/product/244647951_1_1770529457_w{res}.jpg,https://m.bunjang.co.kr/products/244647951,2026-05-12 10:27,50인치 uhd 4k led tv(새제품 무료배송),,,UNKNOWN,N,,SALE,,,,,UNKNOWN
모니터,번개장터,406491367,뷰소닉 32인치 모니터,65000,판매중,,https://media.bunjang.co.kr/product/406491367_1_1778556008_w{res}.jpg,https://m.bunjang.co.kr/products/406491367,2026-05-12 10:24,뷰소닉 32인치 모니터,,,UNKNOWN,N,,SALE,,,,,UNKNOWN
모니터,번개장터,302703009,4K 43인치 게이밍 모니터 판매합니다!!!!,600000,판매중,,https://media.bunjang.co.kr/product/302703009_1_1778548923_w{res}.jpg,https://m.bunjang.co.kr/products/302703009,2026-05-12 10:21,4k 43인치 게이밍 모니터 !!!!,,,UNKNOWN,N,,SALE,,,,,UNKNOWN
모니터,번개장터,393110493,알파스캔 24인치 모니터 24IPS77AH 75Hz,50000,판매중,,https://media.bunjang.co.kr/product/393110493_1_1777439737_w{res}.jpg,https://m.bunjang.co.kr/products/393110493,2026-05-12 10:19,알파스캔 24인치 모니터 24ips77ah 75hz,,,UNKNOWN,N,,SALE,,,,,UNKNOWN
모니터,번개장터,388756326,엘지 22인치 모니터 E2251VQ-BN 모니터암 거치대 세트,45000,판매중,,https://media.bunjang.co.kr/product/388756326_1_1777425748_w{res}.jpg,https://m.bunjang.co.kr/products/388756326,2026-05-12 10:18,엘지 22인치 모니터 e2251vq-bn 모니터암 거치대 세트,,,STAND,Y,,SALE,,,,,UNKNOWN
모니터,번개장터,393286652,알파스캔 AOC 22인치 모니터 I2280SWD,45000,판매중,,https://media.bunjang.co.kr/product/393286652_1_1777439825_w{res}.jpg,https://m.bunjang.co.kr/products/393286652,2026-05-12 10:18,알파스캔 aoc 22인치 모니터 i2280swd,,,UNKNOWN,N,,SALE,,,,,UNKNOWN
모니터,번개장터,407554651,LG 27US550 27인치 UHD 4K 모니터,250000,판매중,,https://media.bunjang.co.kr/product/407554651_1_1778548489_w{res}.jpg,https://m.bunjang.co.kr/products/407554651,2026-05-12 10:10,lg 27us550 27인치 uhd 4k 모니터,,,UNKNOWN,N,,SALE,,,,,UNKNOWN
모니터,번개장터,400612320,"""LG 29WK600 울트라와이드 29인치 IPS 모니터 (가성비)""",100000,판매중,,https://media.bunjang.co.kr/product/400612320_1_1775795707_w{res}.jpg,https://m.bunjang.co.kr/products/400612320,2026-05-12 10:10,"""lg 29wk600 울트라와이드 29인치 ips 모니터 (가성비)""",,,UNKNOWN,N,,SALE,,,,,UNKNOWN
모니터,번개장터,390233096,해즈빈호텔 모니터탑 피규어 4종 일괄,135000,판매중,,https://media.bunjang.co.kr/product/390233096_1_1774964287_w{res}.jpg,https://m.bunjang.co.kr/products/390233096,2026-05-12 10:10,해즈빈호텔 모니터탑 피규어 4종 일괄,,,UNKNOWN,N,,SALE,,,,,UNKNOWN
모니터,번개장터,398691952,델 S2721DS 27인치 QHD IPS 모니터 / 피봇 / 상태좋음,180000,판매중,,https://media.bunjang.co.kr/product/398691952_1_1775025717_w{res}.jpg,https://m.bunjang.co.kr/products/398691952,2026-05-12 10:10,델 s2721ds 27인치 qhd ips 모니터 / 피봇 /,,,UNKNOWN,N,,SALE,,,,,UNKNOWN
모니터,번개장터,401278108,LG 24인치 모니터 24MP400 (IPS / 사무용 추천),45000,판매중,,https://media.bunjang.co.kr/product/401278108_1_1776047522_w{res}.jpg,https://m.bunjang.co.kr/products/401278108,2026-05-12 10:10,lg 24인치 모니터 24mp400 (ips / 사무용 추천),,,UNKNOWN,N,,SALE,,,,,UNKNOWN
모니터,번개장터,407554380,컴퓨터 본체 사무용 듀얼모니터 강추 i5 6500 GTX 1060 3G,420000,판매중,,https://media.bunjang.co.kr/product/407554380_1_1778548105_w{res}.jpg,https://m.bunjang.co.kr/products/407554380,2026-05-12 10:08,컴퓨터 본체 사무용 듀얼모니터 강추 i5 6500 gtx 1060 3g,,,desktop,N,,SALE,I5 6500,GTX1060,,,LOW
모니터,번개장터,405226532,MSI  G274F 액정 파손 모니터팝니다,15000,판매중,,https://media.bunjang.co.kr/product/405226532_1_1778328172_w{res}.jpg,https://m.bunjang.co.kr/products/405226532,2026-05-12 10:00,msi g274f 액정 파손 모니터,,,PARTS,Y,,SALE,,,,,UNKNOWN
모니터,번개장터,383036046,영국 모니터 오디오 11(MONITOR AUDIO),520000,판매중,,https://media.bunjang.co.kr/product/383036046_1_1768652504_w{res}.jpg,https://m.bunjang.co.kr/products/383036046,2026-05-12 10:00,영국 모니터 오디오 11(monitor audio),,,UNKNOWN,N,,SALE,,,,,UNKNOWN
모니터,번개장터,407544071,델 DELL 30인치 QHD U3014 구하기 어려운 델 30인치 상태,140000,판매중,,https://media.bunjang.co.kr/product/407544071_1_1778541787_w{res}.jpg,https://m.bunjang.co.kr/products/407544071,2026-05-12 09:57,델 dell 30인치 qhd u3014 구하기 어려운 델 30인치 상태,,,UNKNOWN,N,,SALE,,,,,UNKNOWN
모니터,번개장터,407552965,@  현대 에쿠스VI AVN 모니터 96525-3N500,44000,판매중,,https://media.bunjang.co.kr/product/407552965_1_1778547396_w{res}.jpg,https://m.bunjang.co.kr/products/407552965,2026-05-12 09:56,@ 현대 에쿠스vi avn 모니터 96525-3n500,,,UNKNOWN,N,,SALE,,,,,UNKNOWN
모니터,번개장터,309236720,전원어댑터(모니터&노트북용)/삼성.LG.Sony.도시바,9000,판매중,,https://media.bunjang.co.kr/product/309236720_1_1774750454_w{res}.jpg,https://m.bunjang.co.kr/products/309236720,2026-05-12 09:50,전원어댑터(모니터&노트북용)/삼성.lg.sony.도시바,,,ADAPTER,Y,,SALE,,,,,UNKNOWN
모니터,번개장터,400801131,르노삼성 sm6.qm6 8.7인치 모니터,60000,판매중,,https://media.bunjang.co.kr/product/400801131_1_1775874366_w{res}.jpg,https://m.bunjang.co.kr/products/400801131,2026-05-12 09:49,르노삼성 sm6.qm6 8.7인치 모니터,,,UNKNOWN,N,,SALE,,,,,UNKNOWN
모니터,번개장터,405524407,영국 모니터오디오 브론즈BR5 판매합니다,350000,판매중,,https://media.bunjang.co.kr/product/405524407_1_1777773584_w{res}.jpg,https://m.bunjang.co.kr/products/405524407,2026-05-12 09:47,영국 모니터오디오 브론즈br5,,,UNKNOWN,N,,SALE,,,,,UNKNOWN
모니터,번개장터,281561247,삼성(24F350FHK)24인치모니터,50000,판매중,,https://media.bunjang.co.kr/product/281561247_1_1777595814_w{res}.jpg,https://m.bunjang.co.kr/products/281561247,2026-05-12 09:42,삼성(24f350fhk)24인치모니터,,,UNKNOWN,N,,SALE,,,,,UNKNOWN
모니터,번개장터,169534808,LG IPS 32 인치모니터(32MN58HM),110000,판매중,,https://media.bunjang.co.kr/product/169534808_1_1777794185_w{res}.jpg,https://m.bunjang.co.kr/products/169534808,2026-05-12 09:41,lg ips 32 인치모니터(32mn58hm),,,UNKNOWN,N,,SALE,,,,,UNKNOWN
모니터,번개장터,262243661,LG(24GL600F)울트라기어 게이밍모니터,125000,판매중,,https://media.bunjang.co.kr/product/262243661_1_1773039136_w{res}.jpg,https://m.bunjang.co.kr/products/262243661,2026-05-12 09:41,lg(24gl600f)울트라기어 게이밍모니터,,,UNKNOWN,N,,SALE,,,,,UNKNOWN
모니터,번개장터,295648965,LG(27MP400) IPS 27인치모니터,100000,판매중,,https://media.bunjang.co.kr/product/295648965_1_1777794251_w{res}.jpg,https://m.bunjang.co.kr/products/295648965,2026-05-12 09:41,lg(27mp400) ips 27인치모니터,,,UNKNOWN,N,,SALE,,,,,UNKNOWN
모니터,번개장터,407549194,[레트로]삼성 싱크마스터 매직 CX701N 모니터,100000,판매중,,https://media.bunjang.co.kr/product/407549194_1_1778559565_w{res}.jpg,https://m.bunjang.co.kr/products/407549194,2026-05-12 09:40,[레트로]삼성 싱크마스터 매직 cx701n 모니터,,,UNKNOWN,N,,SALE,,,,,UNKNOWN
모니터,번개장터,394511813,LG(27MK430H) IPS 27인치모니터,95000,판매중,,https://media.bunjang.co.kr/product/394511813_1_1777794221_w{res}.jpg,https://m.bunjang.co.kr/products/394511813,2026-05-12 09:40,lg(27mk430h) ips 27인치모니터,,,UNKNOWN,N,,SALE,,,,,UNKNOWN
모니터,번개장터,406291579,"한성 32인치 모니터 ULTRON 3257 new (수리용, 부품용)",20000,판매중,,https://media.bunjang.co.kr/product/406291579_1_1778034398_w{res}.jpg,https://m.bunjang.co.kr/products/406291579,2026-05-12 09:39,"한성 32인치 모니터 ultron 3257 new (수리용, 부품용)",,,PARTS,Y,,SALE,,,,,UNKNOWN
모니터,번개장터,406291942,제이씨현시스템 23인치 모니터 LOOK230,30000,판매중,,https://media.bunjang.co.kr/product/406291942_1_1778034522_w{res}.jpg,https://m.bunjang.co.kr/products/406291942,2026-05-12 09:39,제이씨현시스템 23인치 모니터 look230,,,UNKNOWN,N,,SALE,,,,,UNKNOWN
모니터,번개장터,405827073,MOTV 모티브씨앤씨 21.5인치 모니터 M215LEDfs,20000,판매중,,https://media.bunjang.co.kr/product/405827073_1_1777860988_w{res}.jpg,https://m.bunjang.co.kr/products/405827073,2026-05-12 09:39,motv 모티브씨앤씨 21.5인치 모니터 m215ledfs,,,UNKNOWN,N,,SALE,,,,,UNKNOWN
모니터,번개장터,406505807,Qnix 큐닉스 27인치 모니터 QX2730LED,30000,판매중,,https://media.bunjang.co.kr/product/406505807_1_1778117342_w{res}.jpg,https://m.bunjang.co.kr/products/406505807,2026-05-12 09:39,qnix 큐닉스 27인치 모니터 qx2730led,,,UNKNOWN,N,,SALE,,,,,UNKNOWN
모니터,번개장터,406504701,AK 컴이지 24인치 커브드 모니터 AK240C REAL 75 HDR,60000,판매중,,https://media.bunjang.co.kr/product/406504701_1_1778193349_w{res}.jpg,https://m.bunjang.co.kr/products/406504701,2026-05-12 09:38,ak 컴이지 24인치 커브드 모니터 ak240c real 75 hdr,,,UNKNOWN,N,,SALE,,,,,UNKNOWN
모니터,번개장터,235897950,삼성(LS27R305FHK)IPS 27인치 모니터,100000,판매중,,https://media.bunjang.co.kr/product/235897950_1_1777794201_w{res}.jpg,https://m.bunjang.co.kr/products/235897950,2026-05-12 09:37,삼성(ls27r305fhk)ips 27인치 모니터,,,UNKNOWN,N,,SALE,,,,,UNKNOWN
모니터,번개장터,403024103,필월드(Feel World) LUT7 배터리 2개 판매해요^^ 필드모니터,250000,판매중,,https://media.bunjang.co.kr/product/403024103_1_1777622394_w{res}.jpg,https://m.bunjang.co.kr/products/403024103,2026-05-12 09:36,필월드(feel world) lut7 배터리 2개 해요^^ 필드모니터,,,UNKNOWN,N,,SALE,,,,,UNKNOWN
모니터,번개장터,343696023,CLA-10A avantone. 모니터링 스피커 (2통),1300000,판매중,,https://media.bunjang.co.kr/product/343696023_1_1777864831_w{res}.jpg,https://m.bunjang.co.kr/products/343696023,2026-05-12 09:34,cla-10a avantone. 모니터링 스피커 (2통),,,UNKNOWN,N,,SALE,,,,,UNKNOWN
모니터,번개장터,401304060,제이씨현시스템 유디아 27인치 모니터,100000,판매중,,https://media.bunjang.co.kr/product/401304060_1_1776056855_w{res}.jpg,https://m.bunjang.co.kr/products/401304060,2026-05-12 09:31,제이씨현시스템 유디아 27인치 모니터,,,UNKNOWN,N,,SALE,,,,,UNKNOWN
모니터,번개장터,398674781,E242 HP 24인치 모니터,70000,판매중,,https://media.bunjang.co.kr/product/398674781_1_1775020480_w{res}.jpg,https://m.bunjang.co.kr/products/398674781,2026-05-12 09:31,e242 hp 24인치 모니터,,,UNKNOWN,N,,SALE,,,,,UNKNOWN
모니터,번개장터,390260300,ENTUS 27인치모니터 구동보드셋트 및 기타보드 일괄,17000,판매중,,https://media.bunjang.co.kr/product/390260300_1_1778224147_w{res}.jpg,https://m.bunjang.co.kr/products/390260300,2026-05-12 09:29,entus 27인치모니터 구동보드셋트 및 기타보드 일괄,,,UNKNOWN,N,,SALE,,,,,UNKNOWN
모니터,번개장터,296774458,책) 트렌드 모니터 엠브레인,10000,판매중,,https://media.bunjang.co.kr/product/296774458_1_1766762642_w{res}.jpg,https://m.bunjang.co.kr/products/296774458,2026-05-12 09:25,책) 트렌드 모니터 엠브레인,,,UNKNOWN,N,,SALE,,,,,UNKNOWN
모니터,번개장터,235398150,LG전자 의료용모니터 Low-end 진단용 27HJ712C,500000,판매중,,https://media.bunjang.co.kr/product/235398150_1_1776602359_w{res}.jpg,https://m.bunjang.co.kr/products/235398150,2026-05-12 09:25,lg전자 의료용모니터 low-end 진단용 27hj712c,,,UNKNOWN,N,,SALE,,,,,UNKNOWN
모니터,번개장터,394347370,tg&co. 24인치 평면 모니터 60.4cm,99000,판매중,,https://media.bunjang.co.kr/product/394347370_1_1773120552_w{res}.jpg,https://m.bunjang.co.kr/products/394347370,2026-05-12 09:22,tg&co. 24인치 평면 모니터 60.4cm,,,UNKNOWN,N,,SALE,,,,,UNKNOWN
모니터,번개장터,405658614,치이카와 먼작귀 모니터 피규어 하치와레 쿠리만쥬 일괄급처,9000,판매중,,https://media.bunjang.co.kr/product/405658614_1_1777812276_w{res}.jpg,https://m.bunjang.co.kr/products/405658614,2026-05-12 09:14,치이카와 먼작귀 모니터 피규어 하치와레 쿠리만쥬 일괄,,,UNKNOWN,N,,SALE,,,,,UNKNOWN
모니터,번개장터,380531679,동축액티브모니터(1통) 스피커/카날스 TRA-1235D,600000,판매중,,https://media.bunjang.co.kr/product/380531679_1_1768949705_w{res}.jpg,https://m.bunjang.co.kr/products/380531679,2026-05-12 09:13,동축액티브모니터(1통) 스피커/카날스 tra-1235d,,,UNKNOWN,N,,SALE,,,,,UNKNOWN
모니터,번개장터,393760342,미개봉 삼성 스마트모니터 32인치 LS32FM503 화이트 팝니다.,235000,판매중,,https://media.bunjang.co.kr/product/393760342_1_1777594757_w{res}.jpg,https://m.bunjang.co.kr/products/393760342,2026-05-12 09:08,삼성 스마트모니터 32인치 ls32fm503 화이트 .,,,UNKNOWN,N,,SALE,,,,,UNKNOWN
모니터,번개장터,283927513,GC2 런처모니터,1460000,판매중,,https://media.bunjang.co.kr/product/283927513_1_1775947467_w{res}.jpg,https://m.bunjang.co.kr/products/283927513,2026-05-12 09:03,gc2 런처모니터,,,UNKNOWN,N,,SALE,,,,,UNKNOWN
모니터,번개장터,368800637,엘지전자 모니터용 아답터 중고양품 12V 2A ADS-24NP,6000,판매중,,https://media.bunjang.co.kr/product/368800637_1_1762928484_w{res}.jpg,https://m.bunjang.co.kr/products/368800637,2026-05-12 09:02,엘지전자 모니터용 아답터 중고양품 12v 2a ads-24np,,,UNKNOWN,N,,SALE,,,,,UNKNOWN
모니터,번개장터,367299414,19인치 4:3 모니터 랜덤,17000,판매중,,https://media.bunjang.co.kr/product/367299414_1_1776166289_w{res}.jpg,https://m.bunjang.co.kr/products/367299414,2026-05-12 09:02,19인치 4:3 모니터 랜덤,,,UNKNOWN,N,,SALE,,,,,UNKNOWN
모니터,번개장터,407547445,KRK Rokit 5 G5  판매합니다.,430000,판매중,,https://media.bunjang.co.kr/product/407547445_1_1778548405_w{res}.jpg,https://m.bunjang.co.kr/products/407547445,2026-05-12 09:02,krk rokit 5 g5 .,,,UNKNOWN,N,,SALE,,,,,UNKNOWN
모니터,번개장터,239994876,모니터 판매,70000,판매중,,https://media.bunjang.co.kr/product/239994876_1_1769410310_w{res}.jpg,https://m.bunjang.co.kr/products/239994876,2026-05-12 09:01,모니터,,,UNKNOWN,N,,SALE,,,,,UNKNOWN
모니터,번개장터,365233347,레토 강화유리 모니터 받침대 팝니다.,10000,판매중,,https://media.bunjang.co.kr/product/365233347_1_1772073586_w{res}.jpg,https://m.bunjang.co.kr/products/365233347,2026-05-12 09:01,레토 강화유리 모니터 받침대 .,,,FILM,Y,,SALE,,,,,UNKNOWN
모니터,번개장터,404360602,삼성 27인치 LED 모니터 F27T350FHK 모델 배송해드림,110000,판매중,,https://media.bunjang.co.kr/product/404360602_1_1777281286_w{res}.jpg,https://m.bunjang.co.kr/products/404360602,2026-05-12 09:01,삼성 27인치 led 모니터 f27t350fhk 모델 배송해드림,,,UNKNOWN,N,,SALE,,,,,UNKNOWN
모니터,번개장터,393095613,[24인치 모니터] 알파스캔 2476 IPS 모니터,55000,판매중,,https://media.bunjang.co.kr/product/393095613_1_1777513315_w{res}.jpg,https://m.bunjang.co.kr/products/393095613,2026-05-12 08:54,[24인치 모니터] 알파스캔 2476 ips 모니터,,,UNKNOWN,N,,SALE,,,,,UNKNOWN
모니터,번개장터,264027543,와사비망고 43인치모니터,100000,판매중,,https://media.bunjang.co.kr/product/264027543_1_1717372395_w{res}.jpg,https://m.bunjang.co.kr/products/264027543,2026-05-12 08:52,와사비망고 43인치모니터,,,UNKNOWN,N,,SALE,,,,,UNKNOWN
모니터,번개장터,405389823,먼작귀 하치와레 모니터 페이스 체인지 피규어 치이카와,4000,판매중,,https://media.bunjang.co.kr/product/405389823_1_1778416101_w{res}.jpg,https://m.bunjang.co.kr/products/405389823,2026-05-12 08:48,먼작귀 하치와레 모니터 페이스 체인지 피규어 치이카와,,,UNKNOWN,N,,SALE,,,,,UNKNOWN
모니터,번개장터,208990683,"엑센트 룸미러후방카메라 제품+설치비용 13만원, 후방카메라,룸미러모니터",70000,판매중,,https://media.bunjang.co.kr/product/208990683_1_1762822252_w{res}.jpg,https://m.bunjang.co.kr/products/208990683,2026-05-12 08:46,"엑센트 룸미러후방카메라 제품+설치비용 13만원, 후방카메라,룸미러모니터",,,SERVICE,Y,,SALE,,,,,UNKNOWN
모니터,번개장터,392669729,커브드 게이밍모니터 팝니다,140000,판매중,,https://media.bunjang.co.kr/product/392669729_1_1776649951_w{res}.jpg,https://m.bunjang.co.kr/products/392669729,2026-05-12 08:43,커브드 게이밍모니터,,,UNKNOWN,N,,SALE,,,,,UNKNOWN
모니터,번개장터,296197664,LG 32인치 TV 벽걸이 권장,75000,판매중,,https://media.bunjang.co.kr/product/296197664_1_1737887487_w{res}.jpg,https://m.bunjang.co.kr/products/296197664,2026-05-12 08:40,lg 32인치 tv 벽걸이 권장,,,UNKNOWN,N,,SALE,,,,,UNKNOWN
모니터,번개장터,393426155,삼탠바이미 모니터 티비 스탠드 받침대,45000,판매중,,https://media.bunjang.co.kr/product/393426155_1_1775888535_w{res}.jpg,https://m.bunjang.co.kr/products/393426155,2026-05-12 08:39,삼탠바이미 모니터 티비 스탠드 받침대,,,UNKNOWN,N,,SALE,,,,,UNKNOWN
모니터,번개장터,203588130,삼성 70인치 UHD 스마트 TV 한정예약판매 !,890000,판매중,,https://media.bunjang.co.kr/product/203588130_1_1750144146_w{res}.jpg,https://m.bunjang.co.kr/products/203588130,2026-05-12 08:38,삼성 70인치 uhd 스마트 tv 한정예약 !,,,UNKNOWN,N,,SALE,,,,,UNKNOWN
모니터,번개장터,205546982,삼성 75인치 4K 스마트 TV 특가한정판매!,1090000,판매중,,https://media.bunjang.co.kr/product/205546982_1_1750144171_w{res}.jpg,https://m.bunjang.co.kr/products/205546982,2026-05-12 08:38,삼성 75인치 4k 스마트 tv 특가한정!,,,UNKNOWN,N,,SALE,,,,,UNKNOWN
모니터,번개장터,404350462,Apple 2026 스튜디오 디스플레이 XDR 기울기 및 높이조절 스탠드,4550000,판매중,,https://media.bunjang.co.kr/product/404350462_1_1778458655_w{res}.jpg,https://m.bunjang.co.kr/products/404350462,2026-05-12 08:30,apple 2026 스튜디오 디스플레이 xdr 기울기 및 높이조절 스탠드,,,UNKNOWN,N,,SALE,,,,,UNKNOWN
모니터,번개장터,279152461,LG PLATRON IPSX235 LED 모니터 액정살짝 스크래치,60000,판매중,,https://media.bunjang.co.kr/product/279152461_1_1778542105_w{res}.jpg,https://m.bunjang.co.kr/products/279152461,2026-05-12 08:26,lg platron ipsx235 led 모니터 액정살짝 스크래치,,,UNKNOWN,N,,SALE,,,,,UNKNOWN
모니터,번개장터,407423972,LG OLED 모니터 27GX700A 팝니다,730000,판매중,,https://media.bunjang.co.kr/product/407423972_1_1778485806_w{res}.jpg,https://m.bunjang.co.kr/products/407423972,2026-05-12 08:24,lg oled 모니터 27gx700a,,,UNKNOWN,N,,SALE,,,,,UNKNOWN
모니터,번개장터,407543490,먼작귀 모니터 랜덤 피규어 히든 딸기 쿠리만쥬 가챠 치이카와,9000,판매중,,https://media.bunjang.co.kr/product/407543490_1_1778577067_w{res}.jpg,https://m.bunjang.co.kr/products/407543490,2026-05-12 08:16,먼작귀 모니터 랜덤 피규어 히든 딸기 쿠리만쥬 가챠 치이카와,,,UNKNOWN,N,,SALE,,,,,UNKNOWN
모니터,번개장터,98047125,[모든견적 가능] 게임용 본체 / 게이밍 모니터 / 컴퓨터 풀세트,380000,판매중,,https://media.bunjang.co.kr/product/98047125_1_1770311932_w{res}.jpg,https://m.bunjang.co.kr/products/98047125,2026-05-12 08:05,[모든견적 가능] 게임용 본체 / 게이밍 모니터 / 컴퓨터 풀세트,,,desktop,N,,SALE,,,,,UNKNOWN
모니터,번개장터,407257539,크로스오버 32RTX950 UHD 4K 160HZ 모니터,315000,판매중,,https://media.bunjang.co.kr/product/407257539_1_1778576585_w{res}.jpg,https://m.bunjang.co.kr/products/407257539,2026-05-12 08:04,크로스오버 32rtx950 uhd 4k 160hz 모니터,,,UNKNOWN,N,,SALE,,,,,UNKNOWN
모니터,번개장터,406430098,에일리언웨어 AW2725DF 360Hz oled qhd 모니터,520000,판매중,,https://media.bunjang.co.kr/product/406430098_1_1778490593_w{res}.jpg,https://m.bunjang.co.kr/products/406430098,2026-05-12 08:00,에일리언웨어 aw2725df 360hz oled qhd 모니터,,,UNKNOWN,N,,SALE,,,,,UNKNOWN
모니터,번개장터,407542217,폰차로 2C 카플레이 모니터,90000,판매중,,https://media.bunjang.co.kr/product/407542217_1_1778540796_w{res}.jpg,https://m.bunjang.co.kr/products/407542217,2026-05-12 07:59,폰차로 2c 카플레이 모니터,,,UNKNOWN,N,,SALE,,,,,UNKNOWN
모니터,번개장터,364890755,사무용 업무용 동영상용 게임용 24인치 LG 중고 모니터 가성비,77000,판매중,,https://media.bunjang.co.kr/product/364890755_1_1777691418_w{res}.jpg,https://m.bunjang.co.kr/products/364890755,2026-05-12 07:56,사무용 업무용 동영상용 게임용 24인치 lg 중고 모니터 가성비,,,UNKNOWN,N,,SALE,,,,,UNKNOWN
모니터,번개장터,161120891,"중고 컴퓨터 인텔 i5-6세대! 사무용 최적화 직거래, 택배 모두 가능!",220000,판매중,,https://media.bunjang.co.kr/product/161120891_1_1776910957_w{res}.jpg,https://m.bunjang.co.kr/products/161120891,2026-05-12 07:56,"중고 컴퓨터 인텔 i5-6세대! 사무용 최적화 , 모두 가능!",,,desktop,N,,SALE,,,,,UNKNOWN
모니터,번개장터,370668009,[A급/FHD] ATEC 24인치 LED 모니터 (HDMI포함/방탄배송),60000,판매중,,https://media.bunjang.co.kr/product/370668009_1_1777003406_w{res}.jpg,https://m.bunjang.co.kr/products/370668009,2026-05-12 07:56,[a급/fhd] atec 24인치 led 모니터 (hdmi포함/방탄배송),,,UNKNOWN,N,,SALE,,,,,UNKNOWN
모니터,번개장터,161120765,32인치 240Hz 게임용 동영상용 가성비 평면 중고 모니터! 배그 롤,185000,판매중,,https://media.bunjang.co.kr/product/161120765_1_1777003798_w{res}.jpg,https://m.bunjang.co.kr/products/161120765,2026-05-12 07:56,32인치 240hz 게임용 동영상용 가성비 평면 중고 모니터! 배그 롤,,,UNKNOWN,N,,SALE,,,,,UNKNOWN
모니터,번개장터,145723178,중고 사무용 24인치 모니터 에이텍 60hz 평면! 튼튼 빠른 배송,60000,판매중,,https://media.bunjang.co.kr/product/145723178_1_1777003724_w{res}.jpg,https://m.bunjang.co.kr/products/145723178,2026-05-12 07:56,중고 사무용 24인치 모니터 에이텍 60hz 평면! 튼튼 빠른 배송,,,UNKNOWN,N,,SALE,,,,,UNKNOWN
모니터,번개장터,365640640,[A급/FHD] ATEC 24인치 LED 모니터 (중고/방탄배송),60000,판매중,,https://media.bunjang.co.kr/product/365640640_1_1777005945_w{res}.jpg,https://m.bunjang.co.kr/products/365640640,2026-05-12 07:51,[a급/fhd] atec 24인치 led 모니터 (중고/방탄배송),,,UNKNOWN,N,,SALE,,,,,UNKNOWN
모니터,번개장터,292938391,삼성 43인치 사이지니 모니터 팝니다 거치대포함,250000,판매중,,https://media.bunjang.co.kr/product/292938391_1_1728268920_w{res}.jpg,https://m.bunjang.co.kr/products/292938391,2026-05-12 07:47,삼성 43인치 사이지니 모니터 거치대포함,,,STAND,Y,,SALE,,,,,UNKNOWN
모니터,번개장터,405894200,한성 24인치 FHD 게이밍 모니터 180Hz 배그 서든 발로란트 옵치,89000,판매중,,https://media.bunjang.co.kr/product/405894200_1_1777880643_w{res}.jpg,https://m.bunjang.co.kr/products/405894200,2026-05-12 07:43,한성 24인치 fhd 게이밍 모니터 180hz 배그 서든 발로란트 옵치,,,UNKNOWN,N,,SALE,,,,,UNKNOWN
모니터,번개장터,393096671,알파스캔 AOC 24인치 모니터 24B1XHS,74800,판매중,,https://media.bunjang.co.kr/product/393096671_1_1777940828_w{res}.jpg,https://m.bunjang.co.kr/products/393096671,2026-05-12 07:39,알파스캔 aoc 24인치 모니터 24b1xhs,,,UNKNOWN,N,,SALE,,,,,UNKNOWN
모니터,번개장터,405879455,삼성 m7 43인치 스마트모니터 패널파손 부품용,80000,판매중,,https://media.bunjang.co.kr/product/405879455_1_1778243474_w{res}.jpg,https://m.bunjang.co.kr/products/405879455,2026-05-12 07:37,삼성 m7 43인치 스마트모니터 패널파손 부품용,,,PARTS,Y,,SALE,,,,,UNKNOWN
모니터,번개장터,390902578,LG24인치 모니터,94000,판매중,,https://media.bunjang.co.kr/product/390902578_1_1778193905_w{res}.jpg,https://m.bunjang.co.kr/products/390902578,2026-05-12 07:32,lg24인치 모니터,,,UNKNOWN,N,,SALE,,,,,UNKNOWN
모니터,번개장터,315654227,27인치 토마토 모니터,94000,판매중,,https://media.bunjang.co.kr/product/315654227_1_1778193922_w{res}.jpg,https://m.bunjang.co.kr/products/315654227,2026-05-12 07:32,27인치 토마토 모니터,,,UNKNOWN,N,,SALE,,,,,UNKNOWN
모니터,번개장터,403013039,삼성 모니터 G5 S27DG500 QHD 180HZ 27인치 블랙 모니터,190000,판매중,,https://media.bunjang.co.kr/product/403013039_1_1776835939_w{res}.jpg,https://m.bunjang.co.kr/products/403013039,2026-05-12 07:29,삼성 모니터 g5 s27dg500 qhd 180hz 27인치 블랙 모니터,,,UNKNOWN,N,,SALE,,,,,UNKNOWN
모니터,번개장터,390673089,모니터 보안 필림,50000,판매중,,https://media.bunjang.co.kr/product/390673089_1_1771673014_w{res}.jpg,https://m.bunjang.co.kr/products/390673089,2026-05-12 07:27,모니터 보안 필림,,,UNKNOWN,N,,SALE,,,,,UNKNOWN
모니터,번개장터,406284520,몽키바나나 바분6 고급 모니터 스피커,586000,판매중,,https://media.bunjang.co.kr/product/406284520_1_1778385710_w{res}.jpg,https://m.bunjang.co.kr/products/406284520,2026-05-12 07:15,몽키바나나 바분6 고급 모니터 스피커,,,UNKNOWN,N,,SALE,,,,,UNKNOWN
모니터,번개장터,343203484,나무 원목 모니터 받침대 2단,21000,판매중,,https://media.bunjang.co.kr/product/343203484_1_1752716872_w{res}.jpg,https://m.bunjang.co.kr/products/343203484,2026-05-12 07:08,나무 원목 모니터 받침대 2단,,,UNKNOWN,N,,SALE,,,,,UNKNOWN
모니터,번개장터,260233152,LG 24인치 LCD 모니터 입니다,50000,판매중,,https://media.bunjang.co.kr/product/260233152_1_1713164471_w{res}.jpg,https://m.bunjang.co.kr/products/260233152,2026-05-12 06:50,lg 24인치 lcd 모니터 입니다,,,UNKNOWN,N,,SALE,,,,,UNKNOWN
모니터,번개장터,269833169,대우루컴즈 TV모니터 32형 (TE320CP),100000,판매중,,https://media.bunjang.co.kr/product/269833169_1_1770440164_w{res}.jpg,https://m.bunjang.co.kr/products/269833169,2026-05-12 06:43,대우루컴즈 tv모니터 32형 (te320cp),,,UNKNOWN,N,,SALE,,,,,UNKNOWN
모니터,번개장터,399459939,MSI 게이밍 모니터 (32인치) 4K UHD 60Hz 커브드 HDR o,235000,판매중,,https://media.bunjang.co.kr/product/399459939_1_1776720141_w{res}.jpg,https://m.bunjang.co.kr/products/399459939,2026-05-12 06:41,msi 게이밍 모니터 (32인치) 4k uhd 60hz 커브드 hdr o,,,UNKNOWN,N,,SALE,,,,,UNKNOWN
모니터,번개장터,389082778,에이조 울트라와이드 EV3895 모니터 팝니다.,900000,판매중,,https://media.bunjang.co.kr/product/389082778_1_1778535196_w{res}.jpg,https://m.bunjang.co.kr/products/389082778,2026-05-12 06:33,에이조 울트라와이드 ev3895 모니터 .,,,UNKNOWN,N,,SALE,,,,,UNKNOWN
모니터,번개장터,407316265,15만짜리 카멜마운트 모니터암,70000,판매중,,https://media.bunjang.co.kr/product/407316265_1_1778430927_w{res}.jpg,https://m.bunjang.co.kr/products/407316265,2026-05-12 06:16,15만짜리 카멜마운트 모니터암,,,UNKNOWN,N,,SALE,,,,,UNKNOWN
모니터,번개장터,395704355,43인치 4K UHD TV 모니터  재원전자 42인치 40인치,125000,판매중,,https://media.bunjang.co.kr/product/395704355_1_1777939917_w{res}.jpg,https://m.bunjang.co.kr/products/395704355,2026-05-12 06:14,43인치 4k uhd tv 모니터 재원전자 42인치 40인치,,,UNKNOWN,N,,SALE,,,,,UNKNOWN
모니터,번개장터,406697384,애플 30인치 모니터 (시네마디스플레이 A1083),180000,판매중,,https://media.bunjang.co.kr/product/406697384_1_1778533228_w{res}.jpg,https://m.bunjang.co.kr/products/406697384,2026-05-12 05:59,애플 30인치 모니터 (시네마디스플레이 a1083),,,UNKNOWN,N,,SALE,,,,,UNKNOWN
모니터,번개장터,396928324,블랙박스만도 FX1000  차량용 후방 카메라 모니터 세트,64000,판매중,,https://media.bunjang.co.kr/product/396928324_1_1776750648_w{res}.jpg,https://m.bunjang.co.kr/products/396928324,2026-05-12 05:29,블랙박스만도 fx1000 차량용 후방 카메라 모니터 세트,,,BOX,Y,,SALE,,,,,UNKNOWN
모니터,번개장터,388226441,개봉)스타레일 경원 음월 모니터 아크릴 스탠드,6000,판매중,,https://media.bunjang.co.kr/product/388226441_1_1775377844_w{res}.jpg,https://m.bunjang.co.kr/products/388226441,2026-05-12 04:31,개봉)스타레일 경원 음월 모니터 아크릴 스탠드,,,UNKNOWN,N,,SALE,,,,,UNKNOWN
모니터,번개장터,406200254,본체 모니터기 포함 팝니다.,130000,판매중,,https://media.bunjang.co.kr/product/406200254_1_1777986908_w{res}.jpg,https://m.bunjang.co.kr/products/406200254,2026-05-12 04:13,본체 모니터기 포함 .,,,desktop,N,,SALE,,,,,UNKNOWN
모니터,번개장터,407526318,치이카와 우사기 데스크탑 주먹밥 누이 오니기리 모니터 인형,24500,판매중,,https://media.bunjang.co.kr/product/407526318_1_1778518921_w{res}.jpg,https://m.bunjang.co.kr/products/407526318,2026-05-12 02:02,치이카와 우사기 데스크탑 주먹밥 누이 오니기리 모니터 인형,,,desktop,N,,SALE,,,,,UNKNOWN
모니터,번개장터,407524859,SEETEC P173 4K 필드 모니터,520000,판매중,,https://media.bunjang.co.kr/product/407524859_1_1778573486_w{res}.jpg,https://m.bunjang.co.kr/products/407524859,2026-05-12 01:48,seetec p173 4k 필드 모니터,,,UNKNOWN,N,,SALE,,,,,UNKNOWN
모니터,번개장터,406484026,플스5디스크(풀박스) + 듀얼센스2개 삼성 커브트모니터 +브리츠 스피커,700000,판매중,,https://media.bunjang.co.kr/product/406484026_1_1778517419_w{res}.jpg,https://m.bunjang.co.kr/products/406484026,2026-05-12 01:36,플스5디스크(스) + 듀얼센스2개 삼성 커브트모니터 +브리츠 스피커,,,UNKNOWN,N,,SALE,,,,,UNKNOWN
모니터,번개장터,281693941,모니터케이블 종류별 3개,10000,판매중,,https://media.bunjang.co.kr/product/281693941_1_1735705011_w{res}.jpg,https://m.bunjang.co.kr/products/281693941,2026-05-12 01:32,모니터케이블 종류별 3개,,,CABLE,Y,,SALE,,,,,UNKNOWN
모니터,번개장터,405656611,BG27FM3 게이밍 모니터 27형 240hz,100000,판매중,,https://media.bunjang.co.kr/product/405656611_1_1777833794_w{res}.jpg,https://m.bunjang.co.kr/products/405656611,2026-05-12 01:28,bg27fm3 게이밍 모니터 27형 240hz,,,UNKNOWN,N,,SALE,,,,,UNKNOWN
모니터,번개장터,407522092,짤쓸사람 가나디 고냐니 모니터 인형 키링,19000,판매중,,https://media.bunjang.co.kr/product/407522092_1_1778551303_w{res}.jpg,https://m.bunjang.co.kr/products/407522092,2026-05-12 01:21,짤쓸사람 가나디 고냐니 모니터 인형 키링,,,UNKNOWN,N,,SALE,,,,,UNKNOWN
모니터,번개장터,407326597,카멜 PMA-2 고중량 모니터 거치대,80000,판매중,,https://media.bunjang.co.kr/product/407326597_1_1778435825_w{res}.jpg,https://m.bunjang.co.kr/products/407326597,2026-05-12 01:21,카멜 pma-2 고중량 모니터 거치대,,,STAND,Y,,SALE,,,,,UNKNOWN
모니터,번개장터,406072827,LG전자 울트라기어 27GS95QE oled 게이밍모니터,530000,판매중,,https://media.bunjang.co.kr/product/406072827_1_1778432495_w{res}.jpg,https://m.bunjang.co.kr/products/406072827,2026-05-12 01:19,lg전자 울트라기어 27gs95qe oled 게이밍모니터,,,UNKNOWN,N,,SALE,,,,,UNKNOWN
모니터,번개장터,392005474,OneOdio PRO-20 모니터링 헤드폰 새제품,35000,판매중,,https://media.bunjang.co.kr/product/392005474_1_1772178170_w{res}.jpg,https://m.bunjang.co.kr/products/392005474,2026-05-12 01:17,oneodio pro-20 모니터링 헤드폰 새제품,,,UNKNOWN,N,,SALE,,,,,UNKNOWN
모니터,번개장터,407518339,조립컴퓨터 모니터 풀셋트 32인치 144HZ 데스크탑,420000,판매중,,https://media.bunjang.co.kr/product/407518339_1_1778514897_w{res}.jpg,https://m.bunjang.co.kr/products/407518339,2026-05-12 00:54,조립컴퓨터 모니터 풀셋트 32인치 144hz 데스크탑,,,desktop,N,,SALE,,,,,UNKNOWN
모니터,번개장터,325897141,은진디스플레이 17인치 ED170 터치 스크린 모니터 POS 포스기,100000,판매중,,https://media.bunjang.co.kr/product/325897141_1_1743487454_w{res}.jpg,https://m.bunjang.co.kr/products/325897141,2026-05-12 00:54,은진디스플레이 17인치 ed170 터치 스크린 모니터 pos 포스기,,,UNKNOWN,N,,SALE,,,,,UNKNOWN
모니터,번개장터,403351190,USB C to HDMI 노트북 모니터확장기 덱스모드 갤8 9 미러링 T,8000,판매중,,https://media.bunjang.co.kr/product/403351190_1_1777979932_w{res}.jpg,https://m.bunjang.co.kr/products/403351190,2026-05-12 00:45,usb c to hdmi 노트북 모니터확장기 덱스모드 갤8 9 미러링 t,,,laptop,N,,SALE,,,,,UNKNOWN
모니터,번개장터,407516324,LG 27GN650 LED 모니터,130000,판매중,,https://media.bunjang.co.kr/product/407516324_1_1778514025_w{res}.jpg,https://m.bunjang.co.kr/products/407516324,2026-05-12 00:40,lg 27gn650 led 모니터,,,UNKNOWN,N,,SALE,,,,,UNKNOWN
모니터,번개장터,384981207,[미개봉] 먼작귀 모니터 피규어 히든 시사,12000,판매중,,https://media.bunjang.co.kr/product/384981207_1_1776654215_w{res}.jpg,https://m.bunjang.co.kr/products/384981207,2026-05-12 00:35,[] 먼작귀 모니터 피규어 히든 시사,,,UNKNOWN,N,,SALE,,,,,UNKNOWN
모니터,번개장터,407296931,LG 28인치 티비 모니터,40000,판매중,,https://media.bunjang.co.kr/product/407296931_1_1778426340_w{res}.jpg,https://m.bunjang.co.kr/products/407296931,2026-05-12 00:32,lg 28인치 티비 모니터,,,UNKNOWN,N,,SALE,,,,,UNKNOWN
모니터,번개장터,407514282,조립컴퓨터 모니터 풀셋트 32인치 144HZ 데스크탑,420000,판매중,,https://media.bunjang.co.kr/product/407514282_1_1778513290_w{res}.jpg,https://m.bunjang.co.kr/products/407514282,2026-05-12 00:28,조립컴퓨터 모니터 풀셋트 32인치 144hz 데스크탑,,,desktop,N,,SALE,,,,,UNKNOWN
모니터,번개장터,407514235,먼작귀 모니터 피규어 히든 딸기 모몽가 피규어,14000,판매중,,https://media.bunjang.co.kr/product/407514235_1_1778513275_w{res}.jpg,https://m.bunjang.co.kr/products/407514235,2026-05-12 00:27,먼작귀 모니터 피규어 히든 딸기 모몽가 피규어,,,UNKNOWN,N,,SALE,,,,,UNKNOWN
모니터,번개장터,275421163,야마하 HS-5 모니터링 스피커(1조),350000,판매중,,https://media.bunjang.co.kr/product/275421163_1_1778428219_w{res}.jpg,https://m.bunjang.co.kr/products/275421163,2026-05-12 00:27,야마하 hs-5 모니터링 스피커(1조),,,UNKNOWN,N,,SALE,,,,,UNKNOWN
모니터,번개장터,196674322,RGB 15피트모니터연결선12개팝니다,12000,판매중,,https://media.bunjang.co.kr/product/196674322_1_1660746233_w{res}.jpg,https://m.bunjang.co.kr/products/196674322,2026-05-12 00:26,rgb 15피트모니터연결선12개,,,UNKNOWN,N,,SALE,,,,,UNKNOWN
모니터,번개장터,403615669,(택포) 포터블 모니터 15.6인치 1080P,65000,판매중,,https://media.bunjang.co.kr/product/403615669_1_1776993915_w{res}.jpg,https://m.bunjang.co.kr/products/403615669,2026-05-12 00:19,() 포터블 모니터 15.6인치 1080p,,,UNKNOWN,N,,SALE,,,,,UNKNOWN
모니터,번개장터,407511737,TPMS 타이어 공기압 모니터링 시스템 새상품,18000,판매중,,https://media.bunjang.co.kr/product/407511737_1_1778512357_w{res}.jpg,https://m.bunjang.co.kr/products/407511737,2026-05-12 00:12,tpms 타이어 공기압 모니터링 시스템,,,UNKNOWN,N,,SALE,,,,,UNKNOWN
모니터,번개장터,225966942,6종 모니터  스탠드 받침대  지지대 신형,10000,판매중,,https://media.bunjang.co.kr/product/225966942_1_1768445422_w{res}.jpg,https://m.bunjang.co.kr/products/225966942,2026-05-12 00:07,6종 모니터 스탠드 받침대 지지대 신형,,,UNKNOWN,N,,SALE,,,,,UNKNOWN
모니터,번개장터,407509933,암 산와서플라이 CR-LA303 모니터 벽걸이 브라켓 암,10000,판매중,,https://media.bunjang.co.kr/product/407509933_1_1778511718_w{res}.jpg,https://m.bunjang.co.kr/products/407509933,2026-05-12 00:01,암 산와서플라이 cr-la303 모니터 벽걸이 브라켓 암,,,UNKNOWN,N,,SALE,,,,,UNKNOWN
모니터,번개장터,407509853,조립컴퓨터 모니터 풀셋트 32인치 144HZ 데스크탑,420000,판매중,,https://media.bunjang.co.kr/product/407509853_1_1778511691_w{res}.jpg,https://m.bunjang.co.kr/products/407509853,2026-05-12 00:01,조립컴퓨터 모니터 풀셋트 32인치 144hz 데스크탑,,,desktop,N,,SALE,,,,,UNKNOWN
모니터,번개장터,405921652,카멜 CT2210IPS 54cm 안드로이드 터치모니터,152000,판매중,,https://media.bunjang.co.kr/product/405921652_1_1778132013_w{res}.jpg,https://m.bunjang.co.kr/products/405921652,2026-05-12 00:01,카멜 ct2210ips 54cm 안드로이드 터치모니터,,,UNKNOWN,N,,SALE,,,,,UNKNOWN
모니터,번개장터,405679950,"컴퓨터풀세트i7,16GBGTX1070삼성32인치모니터,180GB+30만",300000,판매중,,https://media.bunjang.co.kr/product/405679950_1_1778511448_w{res}.jpg,https://m.bunjang.co.kr/products/405679950,2026-05-11 23:58,"컴퓨터풀세트i7,16gbgtx1070삼성32인치모니터,180gb+30만",,,desktop,N,16.0,SALE,,GTX1070,,,UNKNOWN
모니터,번개장터,407077229,삼성 M5 32인치 스마트 모니터 (새상품) LS32FM503EKXKR,220000,판매중,,https://media.bunjang.co.kr/product/407077229_1_1778340964_w{res}.jpg,https://m.bunjang.co.kr/products/407077229,2026-05-11 23:57,삼성 m5 32인치 스마트 모니터 () ls32fm503ekxkr,,,UNKNOWN,N,,SALE,,,,,UNKNOWN
모니터,번개장터,407503297,먼작귀 모니터 랜덤 피규어 교환,1004,판매중,,https://media.bunjang.co.kr/product/407503297_1_1778509600_w{res}.jpg,https://m.bunjang.co.kr/products/407503297,2026-05-11 23:56,먼작귀 모니터 랜덤 피규어 교환,,,UNKNOWN,N,,SALE,,,,,UNKNOWN
모니터,번개장터,407508596,새제품  LDL-MOUNT의 APL-13P 싱글 모니터암,13000,판매중,,https://media.bunjang.co.kr/product/407508596_1_1778511272_w{res}.jpg,https://m.bunjang.co.kr/products/407508596,2026-05-11 23:54,새제품 ldl-mount의 apl-13p 싱글 모니터암,,,UNKNOWN,N,,SALE,,,,,UNKNOWN
모니터,번개장터,342814646,기로로 팝퍼블 모니터 아크릴 스탠드,7000,판매중,,https://media.bunjang.co.kr/product/342814646_1_1758219729_w{res}.jpg,https://m.bunjang.co.kr/products/342814646,2026-05-11 23:53,기로로 팝퍼블 모니터 아크릴 스탠드,,,UNKNOWN,N,,SALE,,,,,UNKNOWN
모니터,번개장터,404375767,[직거래] LG IPS 23인치 모니터 (DVI 케이블+어댑터),16000,판매중,,https://media.bunjang.co.kr/product/404375767_1_1777778163_w{res}.jpg,https://m.bunjang.co.kr/products/404375767,2026-05-11 23:51,[] lg ips 23인치 모니터 (dvi 케이블+어댑터),,,CABLE,Y,,SALE,,,,,UNKNOWN
모니터,번개장터,407506923,"2단 관절형 모니터 벽걸이 브라켓 ,암",12000,판매중,,https://media.bunjang.co.kr/product/407506923_1_1778510721_w{res}.jpg,https://m.bunjang.co.kr/products/407506923,2026-05-11 23:45,"2단 관절형 모니터 벽걸이 브라켓 ,암",,,UNKNOWN,N,,SALE,,,,,UNKNOWN
모니터,번개장터,407506844,00s Seiko Alba 모니터 워치,170000,판매중,,https://media.bunjang.co.kr/product/407506844_1_1778510786_w{res}.jpg,https://m.bunjang.co.kr/products/407506844,2026-05-11 23:44,00s seiko alba 모니터 워치,,,UNKNOWN,N,,SALE,,,,,UNKNOWN
모니터,번개장터,406831685,[교환] 므메미무 모니터 피규어 및 케이블 프로텍터,60000,판매중,,https://media.bunjang.co.kr/product/406831685_1_1778247162_w{res}.jpg,https://m.bunjang.co.kr/products/406831685,2026-05-11 23:41,[교환] 므메미무 모니터 피규어 및 케이블 프로텍터,,,CABLE,Y,,SALE,,,,,UNKNOWN
모니터,번개장터,406947139,"인텔 I5-13600,램32,Rtx2060,ssd,hdd2Tb,모니터2개",1050000,판매중,,https://media.bunjang.co.kr/product/406947139_1_1778510399_w{res}.jpg,https://m.bunjang.co.kr/products/406947139,2026-05-11 23:41,"인텔 i5-13600,램32,rtx2060,ssd,hdd2tb,모니터2개",,,UNKNOWN,N,,SALE,I5-13600,RTX2060,,2048.0,MID
모니터,번개장터,407505810,"2단 관절형 모니터 벽걸이 브라켓 (실버, 수평계 내장)",13000,판매중,,https://media.bunjang.co.kr/product/407505810_1_1778510352_w{res}.jpg,https://m.bunjang.co.kr/products/407505810,2026-05-11 23:39,"2단 관절형 모니터 벽걸이 브라켓 (실버, 수평계 내장)",,,UNKNOWN,N,,SALE,,,,,UNKNOWN
모니터,번개장터,407297773,27인치 FHD 커브드 게이밍 모니터,100000,예약중,,https://media.bunjang.co.kr/product/407297773_1_1778474620_w{res}.jpg,https://m.bunjang.co.kr/products/407297773,2026-05-11 23:39,27인치 fhd 커브드 게이밍 모니터,,,UNKNOWN,N,,RESERVED,,,,,UNKNOWN
모니터,번개장터,404218350,높이조절 강화유리 모니터 받침대,15000,판매중,,https://media.bunjang.co.kr/product/404218350_1_1777215126_w{res}.jpg,https://m.bunjang.co.kr/products/404218350,2026-05-11 23:37,높이조절 강화유리 모니터 받침대,,,FILM,Y,,SALE,,,,,UNKNOWN
모니터,번개장터,407505002,프리플로우 FHD Fast IPS 240Hz 게이밍 모니터,100000,판매중,,https://media.bunjang.co.kr/product/407505002_1_1778578643_w{res}.jpg,https://m.bunjang.co.kr/products/407505002,2026-05-11 23:34,프리플로우 fhd fast ips 240hz 게이밍 모니터,,,UNKNOWN,N,,SALE,,,,,UNKNOWN
모니터,번개장터,407504821,32인치 대형 커브드 LED모니터,150000,판매중,,https://media.bunjang.co.kr/product/407504821_1_1778510035_w{res}.jpg,https://m.bunjang.co.kr/products/407504821,2026-05-11 23:33,32인치 대형 커브드 led모니터,,,UNKNOWN,N,,SALE,,,,,UNKNOWN
모니터,번개장터,400169776,라이젠7 7800X3D + RTX4070 Super + 240hz모니터,1990000,판매중,,https://media.bunjang.co.kr/product/400169776_1_1778509837_w{res}.jpg,https://m.bunjang.co.kr/products/400169776,2026-05-11 23:32,라이젠7 7800x3d + rtx4070 super + 240hz모니터,,,UNKNOWN,N,,SALE,RYZEN7 7800X,RTX4070,,,HIGH
모니터,번개장터,404478738,오디세이 G5모니터 보드 구합니다 BN41-02905B,1000,판매중,,https://media.bunjang.co.kr/product/404478738_1_1777343913_w{res}.jpg,https://m.bunjang.co.kr/products/404478738,2026-05-11 23:31,오디세이 g5모니터 보드 구합니다 bn41-02905b,,,UNKNOWN,N,,SALE,,,,,UNKNOWN
모니터,번개장터,407503763,델 27인치 모니터 AD보드+파워보드 SE2722H,20000,판매중,,https://media.bunjang.co.kr/product/407503763_1_1778509742_w{res}.jpg,https://m.bunjang.co.kr/products/407503763,2026-05-11 23:29,델 27인치 모니터 ad보드+파워보드 se2722h,,,PARTS,Y,,SALE,,,,,UNKNOWN
모니터,번개장터,407503378,델 27인치 모니터용 스탠드 SE2722H,15000,판매중,,https://media.bunjang.co.kr/product/407503378_1_1778509627_w{res}.jpg,https://m.bunjang.co.kr/products/407503378,2026-05-11 23:27,델 27인치 모니터용 스탠드 se2722h,,,UNKNOWN,N,,SALE,,,,,UNKNOWN
모니터,번개장터,407503123,하치와레 복주머니 데스크탑 모니터 인형 미개봉,18000,판매중,,https://media.bunjang.co.kr/product/407503123_1_1778509604_w{res}.jpg,https://m.bunjang.co.kr/products/407503123,2026-05-11 23:25,하치와레 복주머니 데스크탑 모니터 인형,,,desktop,N,,SALE,,,,,UNKNOWN
모니터,번개장터,407502690,2개 입니다 모두 모니터 벽걸이용 관절형 브라켓(실버),15000,판매중,,https://media.bunjang.co.kr/product/407502690_1_1778509527_w{res}.jpg,https://m.bunjang.co.kr/products/407502690,2026-05-11 23:23,2개 입니다 모두 모니터 벽걸이용 관절형 브라켓(실버),,,UNKNOWN,N,,SALE,,,,,UNKNOWN
모니터,번개장터,365623823,(미개봉) 카멜마운트 싱글 모니터암 IMA 블랙,50000,판매중,,https://media.bunjang.co.kr/product/365623823_1_1778165622_w{res}.jpg,https://m.bunjang.co.kr/products/365623823,2026-05-11 23:22,() 카멜마운트 싱글 모니터암 ima 블랙,,,UNKNOWN,N,,SALE,,,,,UNKNOWN
모니터,번개장터,405295152,그랜져HG 순정AVN모니터,110000,판매중,,https://media.bunjang.co.kr/product/405295152_1_1777681359_w{res}.jpg,https://m.bunjang.co.kr/products/405295152,2026-05-11 23:20,그랜져hg 순정avn모니터,,,UNKNOWN,N,,SALE,,,,,UNKNOWN
모니터,번개장터,384900245,레노버 리전 모니터 27인치,30000,판매중,,https://media.bunjang.co.kr/product/384900245_1_1769394183_w{res}.jpg,https://m.bunjang.co.kr/products/384900245,2026-05-11 23:16,레노버 리전 모니터 27인치,,,UNKNOWN,N,,SALE,,,,,UNKNOWN
모니터,번개장터,350104280,공이팩토리 모니터 보안필름 24인치,30000,판매중,,https://media.bunjang.co.kr/product/350104280_1_1754895477_w{res}.jpg,https://m.bunjang.co.kr/products/350104280,2026-05-11 23:16,공이팩토리 모니터 보안필름 24인치,,,FILM,Y,,SALE,,,,,UNKNOWN
모니터,번개장터,407501287,엔산마운트(N-SAN) 또는 보인(BOIN) 브랜드의 천장형 모니터프로젝,15000,판매중,,https://media.bunjang.co.kr/product/407501287_1_1778508957_w{res}.jpg,https://m.bunjang.co.kr/products/407501287,2026-05-11 23:15,엔산마운트(n-san) 또는 보인(boin) 브랜드의 천장형 모니터프로젝,,,UNKNOWN,N,,SALE,,,,,UNKNOWN
모니터,번개장터,406814661,치이카와 모니터 피규어 미개봉,4000,판매중,,https://media.bunjang.co.kr/product/406814661_1_1778241360_w{res}.jpg,https://m.bunjang.co.kr/products/406814661,2026-05-11 23:15,치이카와 모니터 피규어,,,UNKNOWN,N,,SALE,,,,,UNKNOWN
모니터,번개장터,396886378,빅트랙 27FM20001 액정파손 모니터 200Hz,39000,판매중,,https://media.bunjang.co.kr/product/396886378_1_1774230272_w{res}.jpg,https://m.bunjang.co.kr/products/396886378,2026-05-11 23:13,빅트랙 27fm20001 액정파손 모니터 200hz,,,PARTS,Y,,SALE,,,,,UNKNOWN
모니터,번개장터,407500639,MSI 모니터 블랙 24인치 144hz,70000,판매중,,https://media.bunjang.co.kr/product/407500639_1_1778508755_w{res}.jpg,https://m.bunjang.co.kr/products/407500639,2026-05-11 23:12,msi 모니터 블랙 24인치 144hz,,,UNKNOWN,N,,SALE,,,,,UNKNOWN
모니터,번개장터,386970679,"코콤 인터폰 비디오폰 KCV-YO43 모니터만, 초인종X",45000,판매중,,https://media.bunjang.co.kr/product/386970679_1_1772599443_w{res}.jpg,https://m.bunjang.co.kr/products/386970679,2026-05-11 23:12,"코콤 인터폰 비디오폰 kcv-yo43 모니터만, 초인종x",,,UNKNOWN,N,,SALE,,,,,UNKNOWN
모니터,번개장터,402156764,빅트랙 27인치 모니터 서브용 하자품,49000,판매중,,https://media.bunjang.co.kr/product/402156764_1_1776400118_w{res}.jpg,https://m.bunjang.co.kr/products/402156764,2026-05-11 23:11,빅트랙 27인치 모니터 서브용 하자품,,,UNKNOWN,N,,SALE,,,,,UNKNOWN
모니터,번개장터,357195285,AOC 알파스캔 27G4X 모니터 거치대만 판매,50000,판매중,,https://media.bunjang.co.kr/product/357195285_1_1758255288_w{res}.jpg,https://m.bunjang.co.kr/products/357195285,2026-05-11 23:11,aoc 알파스캔 27g4x 모니터 거치대만,,,STAND,Y,,SALE,,,,,UNKNOWN
모니터,번개장터,356979751,포유디지털 아이뮤즈 32인치 모니터 부품용,50000,판매중,,https://media.bunjang.co.kr/product/356979751_1_1758162085_w{res}.jpg,https://m.bunjang.co.kr/products/356979751,2026-05-11 23:11,포유디지털 아이뮤즈 32인치 모니터 부품용,,,PARTS,Y,,SALE,,,,,UNKNOWN
모니터,번개장터,353854903,델 27인치 모니터 부품용 S2725Hs,50000,판매중,,https://media.bunjang.co.kr/product/353854903_1_1756802539_w{res}.jpg,https://m.bunjang.co.kr/products/353854903,2026-05-11 23:11,델 27인치 모니터 부품용 s2725hs,,,PARTS,Y,,SALE,,,,,UNKNOWN
모니터,번개장터,402150573,빅트랙 24인치 모니터 24FM10001,56000,판매중,,https://media.bunjang.co.kr/product/402150573_1_1776398057_w{res}.jpg,https://m.bunjang.co.kr/products/402150573,2026-05-11 23:10,빅트랙 24인치 모니터 24fm10001,,,UNKNOWN,N,,SALE,,,,,UNKNOWN
모니터,번개장터,374796480,대형차 후방카메라 셋트 캠론T-LAB 9인치 TFT LCD 거치형 모니터,250000,판매중,,https://media.bunjang.co.kr/product/374796480_1_1765258453_w{res}.jpg,https://m.bunjang.co.kr/products/374796480,2026-05-11 23:10,대형차 후방카메라 셋트 캠론t-lab 9인치 tft lcd 거치형 모니터,,,UNKNOWN,N,,SALE,,,,,UNKNOWN
모니터,번개장터,402180448,주연테크 22인치 모니터 V22FX-W,63000,판매중,,https://media.bunjang.co.kr/product/402180448_1_1776407581_w{res}.jpg,https://m.bunjang.co.kr/products/402180448,2026-05-11 23:10,주연테크 22인치 모니터 v22fx-w,,,UNKNOWN,N,,SALE,,,,,UNKNOWN
모니터,번개장터,397080078,한성컴퓨터 34인치 커브드모니터 울트라와이드 파손품,65000,판매중,,https://media.bunjang.co.kr/product/397080078_1_1774316777_w{res}.jpg,https://m.bunjang.co.kr/products/397080078,2026-05-11 23:09,한성컴퓨터 34인치 커브드모니터 울트라와이드 파손품,,,PARTS,Y,,SALE,,,,,UNKNOWN
모니터,번개장터,402163086,빅트랙 컨커러 165Hz 27인치 모니터 27FM16501Q,79000,판매중,,https://media.bunjang.co.kr/product/402163086_1_1776402233_w{res}.jpg,https://m.bunjang.co.kr/products/402163086,2026-05-11 23:08,빅트랙 컨커러 165hz 27인치 모니터 27fm16501q,,,UNKNOWN,N,,SALE,,,,,UNKNOWN
모니터,번개장터,398240866,빅트랙 27인치 모니터 100Hz 27FM10001,79000,판매중,,https://media.bunjang.co.kr/product/398240866_1_1774831544_w{res}.jpg,https://m.bunjang.co.kr/products/398240866,2026-05-11 23:08,빅트랙 27인치 모니터 100hz 27fm10001,,,UNKNOWN,N,,SALE,,,,,UNKNOWN
모니터,번개장터,397117592,주연테크 V27FX 27인치 모니터,82000,판매중,,https://media.bunjang.co.kr/product/397117592_1_1774330975_w{res}.jpg,https://m.bunjang.co.kr/products/397117592,2026-05-11 23:08,주연테크 v27fx 27인치 모니터,,,UNKNOWN,N,,SALE,,,,,UNKNOWN
모니터,번개장터,362578877,에일리언웨어 게이밍 모니터 부품용 AW2523HF 25인치,80000,판매중,,https://media.bunjang.co.kr/product/362578877_1_1774683866_w{res}.jpg,https://m.bunjang.co.kr/products/362578877,2026-05-11 23:08,에일리언웨어 게이밍 모니터 부품용 aw2523hf 25인치,,,PARTS,Y,,SALE,,,,,UNKNOWN
모니터,번개장터,397081626,디엑스 27인치 FHD 모니터 100Hz,85000,판매중,,https://media.bunjang.co.kr/product/397081626_1_1774317500_w{res}.jpg,https://m.bunjang.co.kr/products/397081626,2026-05-11 23:07,디엑스 27인치 fhd 모니터 100hz,,,UNKNOWN,N,,SALE,,,,,UNKNOWN
모니터,번개장터,396898059,크로스오버 24인치 게이밍모니터 247FM100 100Hz,85000,판매중,,https://media.bunjang.co.kr/product/396898059_1_1774234544_w{res}.jpg,https://m.bunjang.co.kr/products/396898059,2026-05-11 23:07,크로스오버 24인치 게이밍모니터 247fm100 100hz,,,UNKNOWN,N,,SALE,,,,,UNKNOWN
모니터,번개장터,401298504,레노버 24인치 모니터 L24i-4A 새상품,85000,판매중,,https://media.bunjang.co.kr/product/401298504_1_1776054974_w{res}.jpg,https://m.bunjang.co.kr/products/401298504,2026-05-11 23:07,레노버 24인치 모니터 l24i-4a,,,UNKNOWN,N,,SALE,,,,,UNKNOWN
모니터,번개장터,394342537,주연테크 V27FX 27인치 모니터,86000,판매중,,https://media.bunjang.co.kr/product/394342537_1_1774410565_w{res}.jpg,https://m.bunjang.co.kr/products/394342537,2026-05-11 23:07,주연테크 v27fx 27인치 모니터,,,UNKNOWN,N,,SALE,,,,,UNKNOWN
모니터,번개장터,406438134,BenQ 벤큐 GL2460-B LCD 모니터,48000,판매중,,https://media.bunjang.co.kr/product/406438134_1_1778507233_w{res}.jpg,https://m.bunjang.co.kr/products/406438134,2026-05-11 22:48,benq 벤큐 gl2460-b lcd 모니터,,,UNKNOWN,N,,SALE,,,,,UNKNOWN
모니터,번개장터,401789523,"잔망루피 마우스패드, 모니터피규어, 랜덤피규어 일괄양도",11000,판매중,,https://media.bunjang.co.kr/product/401789523_1_1776245270_w{res}.jpg,https://m.bunjang.co.kr/products/401789523,2026-05-11 22:45,"잔망루피 마우스패드, 모니터피규어, 랜덤피규어 일괄양도",,,UNKNOWN,N,,SALE,,,,,UNKNOWN
모니터,번개장터,404417190,(구함) 먼작귀 치이카와 모니터 랜덤 피규어,1004,판매중,,https://media.bunjang.co.kr/product/404417190_1_1777300931_w{res}.jpg,https://m.bunjang.co.kr/products/404417190,2026-05-11 22:43,(구함) 먼작귀 치이카와 모니터 랜덤 피규어,,,UNKNOWN,N,,SALE,,,,,UNKNOWN
모니터,번개장터,407493257,먼작귀 모니터 랜덤 피규어 미개봉,3500,판매중,,https://media.bunjang.co.kr/product/407493257_1_1778506634_w{res}.jpg,https://m.bunjang.co.kr/products/407493257,2026-05-11 22:37,먼작귀 모니터 랜덤 피규어,,,UNKNOWN,N,,SALE,,,,,UNKNOWN
모니터,번개장터,407492456,LG 울트라기어 27인치 게이밍모니터,250000,판매중,,https://media.bunjang.co.kr/product/407492456_1_1778506405_w{res}.jpg,https://m.bunjang.co.kr/products/407492456,2026-05-11 22:33,lg 울트라기어 27인치 게이밍모니터,,,UNKNOWN,N,,SALE,,,,,UNKNOWN
모니터,번개장터,406303044,구함) 핑크 모듈 모니터받침대,1004,판매중,,https://media.bunjang.co.kr/product/406303044_1_1778038475_w{res}.jpg,https://m.bunjang.co.kr/products/406303044,2026-05-11 22:33,구함) 핑크 모듈 모니터받침대,,,UNKNOWN,N,,SALE,,,,,UNKNOWN
모니터,번개장터,407491237,삼성 스마트 모니터 M5(32인치) 80.1cm  FHD모니터 판매합니다,220000,판매중,,https://media.bunjang.co.kr/product/407491237_1_1778506060_w{res}.jpg,https://m.bunjang.co.kr/products/407491237,2026-05-11 22:27,삼성 스마트 모니터 m5(32인치) 80.1cm fhd모니터,,,UNKNOWN,N,,SALE,,,,,UNKNOWN
모니터,번개장터,403091253,LG 27UP850N 4K 모니터,356000,판매중,,https://media.bunjang.co.kr/product/403091253_1_1777937606_w{res}.jpg,https://m.bunjang.co.kr/products/403091253,2026-05-11 22:18,lg 27up850n 4k 모니터,,,UNKNOWN,N,,SALE,,,,,UNKNOWN
모니터,번개장터,374914860,회전 모니터 받침대,9000,판매중,,https://media.bunjang.co.kr/product/374914860_1_1765290704_w{res}.jpg,https://m.bunjang.co.kr/products/374914860,2026-05-11 22:02,회전 모니터 받침대,,,UNKNOWN,N,,SALE,,,,,UNKNOWN
모니터,번개장터,349548542,제네시스BH 프라다 순정 AVN 8인치 모니터 / 96564-3M201,50000,판매중,,https://media.bunjang.co.kr/product/349548542_1_1775029745_w{res}.jpg,https://m.bunjang.co.kr/products/349548542,2026-05-11 21:46,제네시스bh 프라다 순정 avn 8인치 모니터 / 96564-3m201,,,UNKNOWN,N,,SALE,,,,,UNKNOWN
모니터,번개장터,131341055,제네시스BH 순정 7인치 네비 AVN 모니터 96563-3M801N8,100000,판매중,,https://media.bunjang.co.kr/product/131341055_1_1765193963_w{res}.jpg,https://m.bunjang.co.kr/products/131341055,2026-05-11 21:46,제네시스bh 순정 7인치 네비 avn 모니터 96563-3m801n8,,,UNKNOWN,N,,SALE,,,,,UNKNOWN
모니터,번개장터,407482614,DNS USB 미니 선풍기 DN-816 + 모니터 메모보드+  탭 거치대,5000,판매중,,https://media.bunjang.co.kr/product/407482614_1_1778503523_w{res}.jpg,https://m.bunjang.co.kr/products/407482614,2026-05-11 21:45,dns usb 미니 선풍기 dn-816 + 모니터 메모보드+ 탭 거치대,,,STAND,Y,,SALE,,,,,UNKNOWN
모니터,번개장터,400674339,제네시스BH 트립모니터 판매합니다.,50000,판매중,,https://media.bunjang.co.kr/product/400674339_1_1775813615_w{res}.jpg,https://m.bunjang.co.kr/products/400674339,2026-05-11 21:45,제네시스bh 트립모니터 .,,,UNKNOWN,N,,SALE,,,,,UNKNOWN
모니터,번개장터,407482359,먼작귀 모니터 랜덤 피규어 교환!,10004,판매중,,https://media.bunjang.co.kr/product/407482359_1_1778503560_w{res}.jpg,https://m.bunjang.co.kr/products/407482359,2026-05-11 21:44,먼작귀 모니터 랜덤 피규어 교환!,,,UNKNOWN,N,,SALE,,,,,UNKNOWN
모니터,번개장터,406201813,야마하 Hs5 화이트 한조 팝니다 (1조) 모니터스피커,390000,판매중,,https://media.bunjang.co.kr/product/406201813_1_1777987327_w{res}.jpg,https://m.bunjang.co.kr/products/406201813,2026-05-11 21:41,야마하 hs5 화이트 한조 (1조) 모니터스피커,,,UNKNOWN,N,,SALE,,,,,UNKNOWN
모니터,번개장터,405020973,새상품)캐릭캐릭체인지 아무 토마 델리 중국 모니터인형,13000,판매중,,https://media.bunjang.co.kr/product/405020973_1_1778077932_w{res}.jpg,https://m.bunjang.co.kr/products/405020973,2026-05-11 21:34,)캐릭캐릭체인지 아무 토마 델리 중국 모니터인형,,,UNKNOWN,N,,SALE,,,,,UNKNOWN
모니터,번개장터,407479959,삼성 LED 모니터 24인치 FHD,38000,판매중,,https://media.bunjang.co.kr/product/407479959_1_1778502812_w{res}.jpg,https://m.bunjang.co.kr/products/407479959,2026-05-11 21:32,삼성 led 모니터 24인치 fhd,,,UNKNOWN,N,,SALE,,,,,UNKNOWN
모니터,번개장터,391278345,<S급>LG 27인치 4K 144Hz UHD 게이밍 모니터 27GR93U,460000,판매중,,https://media.bunjang.co.kr/product/391278345_1_1776933410_w{res}.jpg,https://m.bunjang.co.kr/products/391278345,2026-05-11 21:26,<s급>lg 27인치 4k 144hz uhd 게이밍 모니터 27gr93u,,,UNKNOWN,N,,SALE,,,,,UNKNOWN
모니터,번개장터,407477168,iGPSPORT HR50 심박수 모니터 미개봉 새상품입니다,45000,판매중,,https://media.bunjang.co.kr/product/407477168_1_1778501943_w{res}.jpg,https://m.bunjang.co.kr/products/407477168,2026-05-11 21:19,igpsport hr50 심박수 모니터 입니다,,,UNKNOWN,N,,SALE,,,,,UNKNOWN
모니터,번개장터,374656659,먼작귀 모니터 피규어 + 캬라파키 초콜릿 챰 키링 (시사) 일괄 판매!,6000,판매중,,https://media.bunjang.co.kr/product/374656659_1_1773388739_w{res}.jpg,https://m.bunjang.co.kr/products/374656659,2026-05-11 21:12,먼작귀 모니터 피규어 + 캬라파키 초콜릿 챰 키링 (시사) 일괄 !,,,UNKNOWN,N,,SALE,,,,,UNKNOWN
모니터,번개장터,407307668,야마하 HS4 화이트 모니터링 스피커 1조 (2통),190000,판매중,,https://media.bunjang.co.kr/product/407307668_1_1778501831_w{res}.jpg,https://m.bunjang.co.kr/products/407307668,2026-05-11 21:05,야마하 hs4 화이트 모니터링 스피커 1조 (2통),,,UNKNOWN,N,,SALE,,,,,UNKNOWN
모니터,번개장터,404915173,75cm 모니터 연장봉,27000,판매중,,https://media.bunjang.co.kr/product/404915173_1_1777517341_w{res}.jpg,https://m.bunjang.co.kr/products/404915173,2026-05-11 21:05,75cm 모니터 연장봉,,,UNKNOWN,N,,SALE,,,,,UNKNOWN
모니터,번개장터,407474268,4.3인치 후방카메라 모니터 세트. 새제품,15000,판매중,,https://media.bunjang.co.kr/product/407474268_1_1778501031_w{res}.jpg,https://m.bunjang.co.kr/products/407474268,2026-05-11 21:03,4.3인치 후방카메라 모니터 세트. 새제품,,,UNKNOWN,N,,SALE,,,,,UNKNOWN
모니터,번개장터,407473668,컨트롤프릭 Gaming Lights 3.6m 모니터조명  RGB조명,10000,판매중,,https://media.bunjang.co.kr/product/407473668_1_1778501017_w{res}.jpg,https://m.bunjang.co.kr/products/407473668,2026-05-11 21:00,컨트롤프릭 gaming lights 3.6m 모니터조명 rgb조명,,,UNKNOWN,N,,SALE,,,,,UNKNOWN
모니터,번개장터,407472690,알파스캔 AOC 2060 FHD 20인치 모니터,15000,판매중,,https://media.bunjang.co.kr/product/407472690_1_1778500497_w{res}.jpg,https://m.bunjang.co.kr/products/407472690,2026-05-11 20:54,알파스캔 aoc 2060 fhd 20인치 모니터,,,UNKNOWN,N,,SALE,,,,,UNKNOWN
모니터,번개장터,404128994,삼성전자 스마트모니터 M7 S32BM701U 화이트 32인치 UHD 4K,342950,판매중,,https://media.bunjang.co.kr/product/404128994_1_1777190538_w{res}.jpg,https://m.bunjang.co.kr/products/404128994,2026-05-11 20:53,삼성전자 스마트모니터 m7 s32bm701u 화이트 32인치 uhd 4k,,,UNKNOWN,N,,SALE,,,,,UNKNOWN
모니터,번개장터,407472272,[삽니다] 에일리언웨어 AW2721D 찐싱크 모니터 구매,200000,판매중,,https://media.bunjang.co.kr/product/407472272_1_1778500366_w{res}.jpg,https://m.bunjang.co.kr/products/407472272,2026-05-11 20:52,[] 에일리언웨어 aw2721d 찐싱크 모니터 구매,,,UNKNOWN,N,,SALE,,,,,UNKNOWN
모니터,번개장터,407471685,[삽니다] BenQ XL2546K XL2546X+ 벤큐 모니터 구매,300000,판매중,,https://media.bunjang.co.kr/product/407471685_1_1778500376_w{res}.jpg,https://m.bunjang.co.kr/products/407471685,2026-05-11 20:49,[] benq xl2546k xl2546x+ 벤큐 모니터 구매,,,UNKNOWN,N,,SALE,,,,,UNKNOWN
모니터,번개장터,397645758,레노버 L24i-4A 24인치 모니터,89000,판매중,,https://media.bunjang.co.kr/product/397645758_1_1774572036_w{res}.jpg,https://m.bunjang.co.kr/products/397645758,2026-05-11 20:47,레노버 l24i-4a 24인치 모니터,,,UNKNOWN,N,,SALE,,,,,UNKNOWN
모니터,번개장터,397705683,빅트랙 FHD 게이밍모니터 27인치 200Hz,95000,판매중,,https://media.bunjang.co.kr/product/397705683_1_1774596257_w{res}.jpg,https://m.bunjang.co.kr/products/397705683,2026-05-11 20:47,빅트랙 fhd 게이밍모니터 27인치 200hz,,,UNKNOWN,N,,SALE,,,,,UNKNOWN
모니터,번개장터,403460117,앱코 하이퍼뷰 27인치 게이밍모니터 144Hz,95000,판매중,,https://media.bunjang.co.kr/product/403460117_1_1776924649_w{res}.jpg,https://m.bunjang.co.kr/products/403460117,2026-05-11 20:47,앱코 하이퍼뷰 27인치 게이밍모니터 144hz,,,UNKNOWN,N,,SALE,,,,,UNKNOWN
모니터,번개장터,399096391,인터픽셀 24인치 모니터 180Hz,98000,판매중,,https://media.bunjang.co.kr/product/399096391_1_1775200946_w{res}.jpg,https://m.bunjang.co.kr/products/399096391,2026-05-11 20:47,인터픽셀 24인치 모니터 180hz,,,UNKNOWN,N,,SALE,,,,,UNKNOWN
모니터,번개장터,407470511,교환)먼작귀 랏코 모니터 랜덤피규어,4000,판매중,,https://media.bunjang.co.kr/product/407470511_1_1778499837_w{res}.jpg,https://m.bunjang.co.kr/products/407470511,2026-05-11 20:43,교환)먼작귀 랏코 모니터 랜덤피규어,,,UNKNOWN,N,,SALE,,,,,UNKNOWN
모니터,번개장터,406497689,중고컴퓨터~특가판매~i5~9400  gtx1060{6}   진짜특가판매,450000,판매중,,https://media.bunjang.co.kr/product/406497689_1_1778112865_w{res}.jpg,https://m.bunjang.co.kr/products/406497689,2026-05-11 20:41,중고컴퓨터~특가~i5~9400 gtx1060{6} 진짜특가,,,desktop,N,,SALE,,GTX1060,,,LOW
모니터,번개장터,403209465,중고컴퓨터    전국최저가  도전   비교도  가함니다,150000,판매중,,https://media.bunjang.co.kr/product/403209465_1_1778499872_w{res}.jpg,https://m.bunjang.co.kr/products/403209465,2026-05-11 20:41,중고컴퓨터 전국최저가 도전 비교도 가함니다,,,desktop,N,,SALE,,,,,UNKNOWN
모니터,번개장터,309432011,스마트 티비겸모니터 32인치,150000,판매중,,https://media.bunjang.co.kr/product/309432011_1_1756797470_w{res}.jpg,https://m.bunjang.co.kr/products/309432011,2026-05-11 20:40,스마트 티비겸모니터 32인치,,,UNKNOWN,N,,SALE,,,,,UNKNOWN
모니터,번개장터,184627002,LG 32인치HD 티비겸 모니터,160000,판매중,,https://media.bunjang.co.kr/product/184627002_1_1768400964_w{res}.jpg,https://m.bunjang.co.kr/products/184627002,2026-05-11 20:40,lg 32인치hd 티비겸 모니터,,,UNKNOWN,N,,SALE,,,,,UNKNOWN
모니터,번개장터,403045677,디엑스 27인치 모니터 165Hz D270XFHD165,99000,판매중,,https://media.bunjang.co.kr/product/403045677_1_1776743376_w{res}.jpg,https://m.bunjang.co.kr/products/403045677,2026-05-11 20:38,디엑스 27인치 모니터 165hz d270xfhd165,,,UNKNOWN,N,,SALE,,,,,UNKNOWN
모니터,번개장터,371545764,휴대용 18.5인치 포터블 대형 모니터,99000,판매중,,https://media.bunjang.co.kr/product/371545764_1_1764044713_w{res}.jpg,https://m.bunjang.co.kr/products/371545764,2026-05-11 20:38,휴대용 18.5인치 포터블 대형 모니터,,,UNKNOWN,N,,SALE,,,,,UNKNOWN
모니터,번개장터,396881874,주연테크 26인치 모니터 V26FX75,105000,판매중,,https://media.bunjang.co.kr/product/396881874_1_1774228098_w{res}.jpg,https://m.bunjang.co.kr/products/396881874,2026-05-11 20:37,주연테크 26인치 모니터 v26fx75,,,UNKNOWN,N,,SALE,,,,,UNKNOWN
모니터,번개장터,397494433,인터픽셀 27인치 모니터 100Hz IPQ2726,109000,판매중,,https://media.bunjang.co.kr/product/397494433_1_1774500487_w{res}.jpg,https://m.bunjang.co.kr/products/397494433,2026-05-11 20:37,인터픽셀 27인치 모니터 100hz ipq2726,,,UNKNOWN,N,,SALE,,,,,UNKNOWN
모니터,번개장터,396942795,한성컴퓨터 TFG27F07FS 27인치 스마트 모니터,116000,판매중,,https://media.bunjang.co.kr/product/396942795_1_1774250310_w{res}.jpg,https://m.bunjang.co.kr/products/396942795,2026-05-11 20:36,한성컴퓨터 tfg27f07fs 27인치 스마트 모니터,,,desktop,N,,SALE,,,,,UNKNOWN
모니터,번개장터,381877060,포터블 모니터 16인치 ips패널 QSS01,130000,판매중,,https://media.bunjang.co.kr/product/381877060_1_1768200775_w{res}.jpg,https://m.bunjang.co.kr/products/381877060,2026-05-11 20:36,포터블 모니터 16인치 ips패널 qss01,,,UNKNOWN,N,,SALE,,,,,UNKNOWN
모니터,번개장터,370085889,카멜마운트 이동식 모니터 스탠드 17~35인치,130000,판매중,,https://media.bunjang.co.kr/product/370085889_1_1763446737_w{res}.jpg,https://m.bunjang.co.kr/products/370085889,2026-05-11 20:36,카멜마운트 이동식 모니터 스탠드 17~35인치,,,UNKNOWN,N,,SALE,,,,,UNKNOWN
모니터,번개장터,400007350,픽셀아트 32인치 모니터 PAQ3210W QHD 게이밍 100Hz,139000,판매중,,https://media.bunjang.co.kr/product/400007350_1_1775538808_w{res}.jpg,https://m.bunjang.co.kr/products/400007350,2026-05-11 20:35,픽셀아트 32인치 모니터 paq3210w qhd 게이밍 100hz,,,UNKNOWN,N,,SALE,,,,,UNKNOWN
모니터,번개장터,403250998,빅트랙 30인치 커브드 모니터 30cm10001,138000,판매중,,https://media.bunjang.co.kr/product/403250998_1_1776835071_w{res}.jpg,https://m.bunjang.co.kr/products/403250998,2026-05-11 20:35,빅트랙 30인치 커브드 모니터 30cm10001,,,UNKNOWN,N,,SALE,,,,,UNKNOWN
모니터,번개장터,370051223,와이드뷰 안드로이드 탑재 27인치 모니터,139000,판매중,,https://media.bunjang.co.kr/product/370051223_1_1773819465_w{res}.jpg,https://m.bunjang.co.kr/products/370051223,2026-05-11 20:35,와이드뷰 안드로이드 탑재 27인치 모니터,,,UNKNOWN,N,,SALE,,,,,UNKNOWN
모니터,번개장터,357015112,27인치 스마트 구글 안드로이드 모니터,149000,판매중,,https://media.bunjang.co.kr/product/357015112_1_1758174836_w{res}.jpg,https://m.bunjang.co.kr/products/357015112,2026-05-11 20:34,27인치 스마트 구글 안드로이드 모니터,,,UNKNOWN,N,,SALE,,,,,UNKNOWN
모니터,번개장터,406099097,삼성 vluu pl120 셀카 듀얼모니터 디카,220000,판매중,,https://media.bunjang.co.kr/product/406099097_1_1777961146_w{res}.jpg,https://m.bunjang.co.kr/products/406099097,2026-05-11 20:32,삼성 vluu pl120 셀카 듀얼모니터 디카,,,UNKNOWN,N,,SALE,,,,,UNKNOWN
모니터,번개장터,389848053,컴퓨터 CPU i7 860 i5 750 760 57개 일괄판매,200000,판매중,,https://media.bunjang.co.kr/product/389848053_1_1778158061_w{res}.jpg,https://m.bunjang.co.kr/products/389848053,2026-05-11 20:23,컴퓨터 cpu i7 860 i5 750 760 57개 일괄,,,desktop,N,,SALE,I7 860,,,,UNKNOWN
모니터,번개장터,402841782,한성컴퓨터 29인치 게이밍모니터 TFG29F10W,153000,판매중,,https://media.bunjang.co.kr/product/402841782_1_1776653375_w{res}.jpg,https://m.bunjang.co.kr/products/402841782,2026-05-11 20:20,한성컴퓨터 29인치 게이밍모니터 tfg29f10w,,,desktop,N,,SALE,,,,,UNKNOWN
모니터,번개장터,397496480,언더독 27인치 165Hz 게이밍모니터 MB27F165,159000,판매중,,https://media.bunjang.co.kr/product/397496480_1_1774501262_w{res}.jpg,https://m.bunjang.co.kr/products/397496480,2026-05-11 20:20,언더독 27인치 165hz 게이밍모니터 mb27f165,,,UNKNOWN,N,,SALE,,,,,UNKNOWN
모니터,번개장터,394326750,27인치 QHD 게이밍 모니터 180Hz,160000,판매중,,https://media.bunjang.co.kr/product/394326750_1_1773112710_w{res}.jpg,https://m.bunjang.co.kr/products/394326750,2026-05-11 20:20,27인치 qhd 게이밍 모니터 180hz,,,UNKNOWN,N,,SALE,,,,,UNKNOWN
모니터,번개장터,363907839,이그닉 QHD 플루이드 27S 내장카메라 피벗모니터,170000,판매중,,https://media.bunjang.co.kr/product/363907839_1_1778326103_w{res}.jpg,https://m.bunjang.co.kr/products/363907839,2026-05-11 20:20,이그닉 qhd 플루이드 27s 내장카메라 피벗모니터,,,UNKNOWN,N,,SALE,,,,,UNKNOWN
모니터,번개장터,402152268,주연테크 27인치 게이밍모니터 QHD 120Hz,159000,판매중,,https://media.bunjang.co.kr/product/402152268_1_1776398594_w{res}.jpg,https://m.bunjang.co.kr/products/402152268,2026-05-11 20:20,주연테크 27인치 게이밍모니터 qhd 120hz,,,UNKNOWN,N,,SALE,,,,,UNKNOWN
모니터,번개장터,397699055,Gawfolk 34인치 울트라 커브드 모니터 4K UWQHD 165Hz,159000,판매중,,https://media.bunjang.co.kr/product/397699055_1_1774594138_w{res}.jpg,https://m.bunjang.co.kr/products/397699055,2026-05-11 20:20,gawfolk 34인치 울트라 커브드 모니터 4k uwqhd 165hz,,,UNKNOWN,N,,SALE,,,,,UNKNOWN
모니터,번개장터,399084344,한성컴퓨터 30인치 게이밍모니터 200Hz,185000,판매중,,https://media.bunjang.co.kr/product/399084344_1_1775198470_w{res}.jpg,https://m.bunjang.co.kr/products/399084344,2026-05-11 20:19,한성컴퓨터 30인치 게이밍모니터 200hz,,,desktop,N,,SALE,,,,,UNKNOWN
모니터,번개장터,393463575,카멜 22인치 태블릿 안드로이트 터치 모니터 CT2210 IPS,265000,판매중,,https://media.bunjang.co.kr/product/393463575_1_1772771247_w{res}.jpg,https://m.bunjang.co.kr/products/393463575,2026-05-11 20:18,카멜 22인치 태블릿 안드로이트 터치 모니터 ct2210 ips,,,tablet,N,,SALE,,,,,UNKNOWN
모니터,번개장터,380760059,벤큐 모니터 4K UHD 32인치 프로 디자이너 PD3225U,850000,판매중,,https://media.bunjang.co.kr/product/380760059_1_1770442921_w{res}.jpg,https://m.bunjang.co.kr/products/380760059,2026-05-11 20:17,벤큐 모니터 4k uhd 32인치 프로 디자이너 pd3225u,,,UNKNOWN,N,,SALE,,,,,UNKNOWN
모니터,번개장터,380493890,헬로키티 모니터 티비 13.3인치,1063820,판매중,,https://media.bunjang.co.kr/product/380493890_1_1773272654_w{res}.jpg,https://m.bunjang.co.kr/products/380493890,2026-05-11 20:17,헬로키티 모니터 티비 13.3인치,,,UNKNOWN,N,,SALE,,,,,UNKNOWN
모니터,번개장터,397396525,미개봉일괄 ) 치이카와 먼작귀 랜덤 모니터 피규어 딸기 랏코 초코,19000,판매중,,https://media.bunjang.co.kr/product/397396525_1_1778497546_w{res}.jpg,https://m.bunjang.co.kr/products/397396525,2026-05-11 20:05,일괄 ) 치이카와 먼작귀 랜덤 모니터 피규어 딸기 랏코 초코,,,UNKNOWN,N,,SALE,,,,,UNKNOWN
모니터,번개장터,406912449,삼성 사무용 데스크탑 본체 32인치 모니터,125000,판매중,,https://media.bunjang.co.kr/product/406912449_1_1778497182_w{res}.jpg,https://m.bunjang.co.kr/products/406912449,2026-05-11 20:01,삼성 사무용 데스크탑 본체 32인치 모니터,,,desktop,N,,SALE,,,,,UNKNOWN
모니터,번개장터,394849539,인텔 G5400 DDR4 8G SSD250G 사무용 데스크탑 PC 모니터,170000,판매중,,https://media.bunjang.co.kr/product/394849539_1_1777168421_w{res}.jpg,https://m.bunjang.co.kr/products/394849539,2026-05-11 20:01,인텔 g5400 ddr4 8g ssd250g 사무용 데스크탑 pc 모니터,,,desktop,N,,SALE,,,,,UNKNOWN
모니터,번개장터,407461767,한성컴퓨터 TFG24F40PCMW 게이밍 모니터24인치,250000,판매중,,https://media.bunjang.co.kr/product/407461767_1_1778497103_w{res}.jpg,https://m.bunjang.co.kr/products/407461767,2026-05-11 19:58,한성컴퓨터 tfg24f40pcmw 게이밍 모니터24인치,,,desktop,N,,SALE,,,,,UNKNOWN
모니터,번개장터,239239430,스위치허브.3com사.24포트.모니터,20000,판매중,,https://media.bunjang.co.kr/product/239239430_1_1752285724_w{res}.jpg,https://m.bunjang.co.kr/products/239239430,2026-05-11 19:52,스위치허브.3com사.24포트.모니터,,,UNKNOWN,N,,SALE,,,,,UNKNOWN
모니터,번개장터,398505859,해즈빈호텔 니프티 공식 굿즈 유튜즈 모니터탑 데스크 미니 피규어,21000,판매중,,https://media.bunjang.co.kr/product/398505859_1_1776334231_w{res}.jpg,https://m.bunjang.co.kr/products/398505859,2026-05-11 19:45,해즈빈호텔 니프티 공식 굿즈 유튜즈 모니터탑 데스크 미니 피규어,,,UNKNOWN,N,,SALE,,,,,UNKNOWN
모니터,번개장터,407459276,[교환] 먼작귀 모니터 피규어 랏코 시사 치이카와 쿠리만쥬,500,판매중,,https://media.bunjang.co.kr/product/407459276_1_1778496959_w{res}.jpg,https://m.bunjang.co.kr/products/407459276,2026-05-11 19:44,[교환] 먼작귀 모니터 피규어 랏코 시사 치이카와 쿠리만쥬,,,UNKNOWN,N,,SALE,,,,,UNKNOWN
모니터,번개장터,154540387,kali audio IN 8 모니터 스피커 화이트 미개봉,1249000,판매중,,https://media.bunjang.co.kr/product/154540387_1_1706790027_w{res}.jpg,https://m.bunjang.co.kr/products/154540387,2026-05-11 19:44,kali audio in 8 모니터 스피커 화이트,,,UNKNOWN,N,,SALE,,,,,UNKNOWN
모니터,번개장터,361019621,듀얼 모니터 암 새상품,55000,판매중,,https://media.bunjang.co.kr/product/361019621_1_1776521660_w{res}.jpg,https://m.bunjang.co.kr/products/361019621,2026-05-11 19:30,듀얼 모니터 암,,,UNKNOWN,N,,SALE,,,,,UNKNOWN
모니터,번개장터,406074546,벤큐 XL2540X+ 게이밍 모니터,500000,판매중,,https://media.bunjang.co.kr/product/406074546_1_1777952960_w{res}.jpg,https://m.bunjang.co.kr/products/406074546,2026-05-11 19:27,벤큐 xl2540x+ 게이밍 모니터,,,UNKNOWN,N,,SALE,,,,,UNKNOWN
모니터,번개장터,407454308,SUKI 메탈 모니터 받침대 책상 정리 새제품,15000,판매중,,https://media.bunjang.co.kr/product/407454308_1_1778494644_w{res}.jpg,https://m.bunjang.co.kr/products/407454308,2026-05-11 19:17,suki 메탈 모니터 받침대 책상 정리 새제품,,,FURNITURE,Y,,SALE,,,,,UNKNOWN
모니터,번개장터,407454122,삼성 모니터 4k 28인치,160000,판매중,,https://media.bunjang.co.kr/product/407454122_1_1778494612_w{res}.jpg,https://m.bunjang.co.kr/products/407454122,2026-05-11 19:16,삼성 모니터 4k 28인치,,,UNKNOWN,N,,SALE,,,,,UNKNOWN
모니터,번개장터,325080683,"미개봉 삼탠바이미 M7 43인치 화이트(모니터, 스탠드)",650000,판매중,,https://media.bunjang.co.kr/product/325080683_1_1770976125_w{res}.jpg,https://m.bunjang.co.kr/products/325080683,2026-05-11 19:03,"삼탠바이미 m7 43인치 화이트(모니터, 스탠드)",,,UNKNOWN,N,,SALE,,,,,UNKNOWN
모니터,번개장터,301991110,부품용모니터암 F100A 하단부속없음,4000,판매중,,https://media.bunjang.co.kr/product/301991110_1_1732342584_w{res}.jpg,https://m.bunjang.co.kr/products/301991110,2026-05-11 18:53,부품용모니터암 f100a 하단부속없음,,,PARTS,Y,,SALE,,,,,UNKNOWN
모니터,번개장터,398583692,아이맥을 5K모니터로 개조해 드려요,150000,판매중,,https://media.bunjang.co.kr/product/398583692_1_1775180459_w{res}.jpg,https://m.bunjang.co.kr/products/398583692,2026-05-11 18:46,아이맥을 5k모니터로 개조해 드려요,,,UNKNOWN,N,,SALE,,,,,UNKNOWN
모니터,번개장터,353885076,TASCAM 모니터 스피커 블랙 1통,80000,판매중,,https://media.bunjang.co.kr/product/353885076_1_1772251992_w{res}.jpg,https://m.bunjang.co.kr/products/353885076,2026-05-11 18:45,tascam 모니터 스피커 블랙 1통,,,UNKNOWN,N,,SALE,,,,,UNKNOWN
모니터,번개장터,406819305,미개봉 삼성 32인치 m5 모니터 LS32FM503EKXKR 팝니다,230000,판매중,,https://media.bunjang.co.kr/product/406819305_1_1778243011_w{res}.jpg,https://m.bunjang.co.kr/products/406819305,2026-05-11 18:42,삼성 32인치 m5 모니터 ls32fm503ekxkr,,,UNKNOWN,N,,SALE,,,,,UNKNOWN
모니터,번개장터,394685780,벤큐 조위 2566X+ 400hz게이밍 모니터,880000,판매중,,https://media.bunjang.co.kr/product/394685780_1_1773284031_w{res}.jpg,https://m.bunjang.co.kr/products/394685780,2026-05-11 18:42,벤큐 조위 2566x+ 400hz게이밍 모니터,,,UNKNOWN,N,,SALE,,,,,UNKNOWN
모니터,번개장터,401301987,삼성 오디세이 s27bg400 + 노스바유 h100 모니터암,160000,판매중,,https://media.bunjang.co.kr/product/401301987_1_1776400066_w{res}.jpg,https://m.bunjang.co.kr/products/401301987,2026-05-11 18:42,삼성 오디세이 s27bg400 + 노스바유 h100 모니터암,,,UNKNOWN,N,,SALE,,,,,UNKNOWN
모니터,번개장터,187304641,10인치 7인치 5인치 모니터 카메라 팝니다,35000,판매중,,https://media.bunjang.co.kr/product/187304641_1_1739628629_w{res}.jpg,https://m.bunjang.co.kr/products/187304641,2026-05-11 18:36,10인치 7인치 5인치 모니터 카메라,,,UNKNOWN,N,,SALE,,,,,UNKNOWN
모니터,번개장터,404111141,lg34gk950f   34인치 lg 와이드모니터 울트라와이드 액정나감,80000,판매중,,https://media.bunjang.co.kr/product/404111141_1_1777354570_w{res}.jpg,https://m.bunjang.co.kr/products/404111141,2026-05-11 18:29,lg34gk950f 34인치 lg 와이드모니터 울트라와이드 액정나감,,,UNKNOWN,N,,SALE,,,,,UNKNOWN
모니터,번개장터,407241493,잔망루피 모니터 피규어 감격루피 미니 피규어 장난감,4300,판매중,,https://media.bunjang.co.kr/product/407241493_1_1778491176_w{res}.jpg,https://m.bunjang.co.kr/products/407241493,2026-05-11 18:27,잔망루피 모니터 피규어 감격루피 미니 피규어 장난감,,,UNKNOWN,N,,SALE,,,,,UNKNOWN
모니터,번개장터,405950690,삼성 갤럭시북s 터치모니터,290000,판매중,,https://media.bunjang.co.kr/product/405950690_1_1778113291_w{res}.jpg,https://m.bunjang.co.kr/products/405950690,2026-05-11 18:24,삼성 갤럭시북s 터치모니터,삼성,,smartphone,N,,SALE,,,,,UNKNOWN
모니터,번개장터,407440482,삼성 27인치 모니터 (매개봉),165000,판매중,,https://media.bunjang.co.kr/product/407440482_1_1778490421_w{res}.jpg,https://m.bunjang.co.kr/products/407440482,2026-05-11 18:07,삼성 27인치 모니터 (매개봉),,,UNKNOWN,N,,SALE,,,,,UNKNOWN
모니터,번개장터,403172656,UDEA 144hz 24인치 커브드 모니터,70000,판매중,,https://media.bunjang.co.kr/product/403172656_1_1776783732_w{res}.jpg,https://m.bunjang.co.kr/products/403172656,2026-05-11 18:02,udea 144hz 24인치 커브드 모니터,,,UNKNOWN,N,,SALE,,,,,UNKNOWN
모니터,번개장터,401161081,VICTRACK 2.1K 휴대용 모니터,89900,판매중,,https://media.bunjang.co.kr/product/401161081_1_1775991003_w{res}.jpg,https://m.bunjang.co.kr/products/401161081,2026-05-11 17:57,victrack 2.1k 휴대용 모니터,,,UNKNOWN,N,,SALE,,,,,UNKNOWN
모니터,번개장터,378445316,삼성 32인치 커브드 TV 모니터 (화이트)가격내림.,200000,판매중,,https://media.bunjang.co.kr/product/378445316_1_1767946016_w{res}.jpg,https://m.bunjang.co.kr/products/378445316,2026-05-11 17:55,삼성 32인치 커브드 tv 모니터 (화이트)가격내림.,,,UNKNOWN,N,,SALE,,,,,UNKNOWN
모니터,번개장터,407437434,먼작귀 치이카와 모니터 랜덤 피규어 시사,3000,판매중,,https://media.bunjang.co.kr/product/407437434_1_1778489493_w{res}.jpg,https://m.bunjang.co.kr/products/407437434,2026-05-11 17:50,먼작귀 치이카와 모니터 랜덤 피규어 시사,,,UNKNOWN,N,,SALE,,,,,UNKNOWN
모니터,번개장터,373060228,[수량 2대] GSW 32인치 평면모니터 144Hz 사무용 게임용 게이밍,130000,판매중,,https://media.bunjang.co.kr/product/373060228_1_1774965380_w{res}.jpg,https://m.bunjang.co.kr/products/373060228,2026-05-11 17:50,[수량 2대] gsw 32인치 평면모니터 144hz 사무용 게임용 게이밍,,,UNKNOWN,N,,SALE,,,,,UNKNOWN
모니터,번개장터,371623859,[수량 4대] 벤큐 27인치 평면모니터 144Hz 게임용 게이밍 사무용,160000,판매중,,https://media.bunjang.co.kr/product/371623859_1_1774882688_w{res}.jpg,https://m.bunjang.co.kr/products/371623859,2026-05-11 17:50,[수량 4대] 벤큐 27인치 평면모니터 144hz 게임용 게이밍 사무용,,,UNKNOWN,N,,SALE,,,,,UNKNOWN
모니터,번개장터,373062942,에이텍 24인치 60Hz 평면모니터 사무용 게임용 게이밍! 안전포장!,60000,판매중,,https://media.bunjang.co.kr/product/373062942_1_1774509554_w{res}.jpg,https://m.bunjang.co.kr/products/373062942,2026-05-11 17:50,에이텍 24인치 60hz 평면모니터 사무용 게임용 게이밍! 안전포장!,,,UNKNOWN,N,,SALE,,,,,UNKNOWN
모니터,번개장터,371971550,사무실 학원 부동산 문서작업용 i5 중고 리퍼 PC 본체+24인치 모니터,230000,판매중,,https://media.bunjang.co.kr/product/371971550_1_1775633195_w{res}.jpg,https://m.bunjang.co.kr/products/371971550,2026-05-11 17:50,사무실 학원 부동산 문서작업용 i5 중고 리퍼 pc 본체+24인치 모니터,,,desktop,N,,SALE,,,,,UNKNOWN
모니터,번개장터,371623039,[수량 3대] 크로스오버 32인치 평면모니터 120Hz 게이밍 사무용!,125000,판매중,,https://media.bunjang.co.kr/product/371623039_1_1776232180_w{res}.jpg,https://m.bunjang.co.kr/products/371623039,2026-05-11 17:50,[수량 3대] 크로스오버 32인치 평면모니터 120hz 게이밍 사무용!,,,UNKNOWN,N,,SALE,,,,,UNKNOWN
모니터,번개장터,371362915,[수량 5대] 사무용 게임용 LG 24인치 평면모니터 60Hz 피벗가능!,60000,판매중,,https://media.bunjang.co.kr/product/371362915_1_1777972387_w{res}.jpg,https://m.bunjang.co.kr/products/371362915,2026-05-11 17:50,[수량 5대] 사무용 게임용 lg 24인치 평면모니터 60hz 피벗가능!,,,UNKNOWN,N,,SALE,,,,,UNKNOWN
모니터,번개장터,370348484,[판매완료] 벤큐 24인치 모니터 60Hz 피벗 가능! 사무용 게이밍!,60000,판매중,,https://media.bunjang.co.kr/product/370348484_1_1774158941_w{res}.jpg,https://m.bunjang.co.kr/products/370348484,2026-05-11 17:50,[완료] 벤큐 24인치 모니터 60hz 피벗 가능! 사무용 게이밍!,,,UNKNOWN,N,,SALE,,,,,UNKNOWN
모니터,번개장터,407436377,게이밍 HDMI 2.1 고품질 하이스피드 모니터 케이블 3m,9000,판매중,,https://media.bunjang.co.kr/product/407436377_1_1778489165_w{res}.jpg,https://m.bunjang.co.kr/products/407436377,2026-05-11 17:46,게이밍 hdmi 2.1 고품질 하이스피드 모니터 케이블 3m,,,CABLE,Y,,SALE,,,,,UNKNOWN
모니터,번개장터,373060989,가람 32인치 평면모니터 240Hz 게임용 게이밍 사무용! 안전포장!,175000,판매중,,https://media.bunjang.co.kr/product/373060989_1_1774919215_w{res}.jpg,https://m.bunjang.co.kr/products/373060989,2026-05-11 17:43,가람 32인치 평면모니터 240hz 게임용 게이밍 사무용! 안전포장!,,,UNKNOWN,N,,SALE,,,,,UNKNOWN
모니터,번개장터,407435422,한성 게이밍 모니터 27인치 240hz  TFG27F24P2,85000,판매중,,https://media.bunjang.co.kr/product/407435422_1_1778496497_w{res}.jpg,https://m.bunjang.co.kr/products/407435422,2026-05-11 17:41,한성 게이밍 모니터 27인치 240hz tfg27f24p2,,,UNKNOWN,N,,SALE,,,,,UNKNOWN
모니터,번개장터,351381421,dB Technologies M90T 우퍼 팝니다,100000,판매중,,https://media.bunjang.co.kr/product/351381421_1_1774854542_w{res}.jpg,https://m.bunjang.co.kr/products/351381421,2026-05-11 17:30,db technologies m90t 우퍼,,,UNKNOWN,N,,SALE,,,,,UNKNOWN
모니터,번개장터,404144256,먼작귀 모니터 피규어 판매 / 교환,3000,판매중,,https://media.bunjang.co.kr/product/404144256_1_1777636754_w{res}.jpg,https://m.bunjang.co.kr/products/404144256,2026-05-11 17:26,먼작귀 모니터 피규어 / 교환,,,UNKNOWN,N,,SALE,,,,,UNKNOWN
모니터,번개장터,407431835,"먼작귀 모니터 랜덤피규어 (치이카와, 하치와레, 우사기, 랏코, 쿠리만쥬",5000,판매중,,https://media.bunjang.co.kr/product/407431835_1_1778487969_w{res}.jpg,https://m.bunjang.co.kr/products/407431835,2026-05-11 17:26,"먼작귀 모니터 랜덤피규어 (치이카와, 하치와레, 우사기, 랏코, 쿠리만쥬",,,UNKNOWN,N,,SALE,,,,,UNKNOWN
모니터,번개장터,407431508,듀얼 모니터암 블랙  17-32인치 모니터 마운트 새상품,28000,예약중,,https://media.bunjang.co.kr/product/407431508_1_1778488314_w{res}.jpg,https://m.bunjang.co.kr/products/407431508,2026-05-11 17:24,듀얼 모니터암 블랙 17-32인치 모니터 마운트,,,UNKNOWN,N,,RESERVED,,,,,UNKNOWN
모니터,번개장터,406960622,산리오 헬로키티 중국 미니소 시크릿 블랙 검정 히퍼 핸드폰 모니터 피규어,18080,판매중,,https://media.bunjang.co.kr/product/406960622_1_1778306639_w{res}.jpg,https://m.bunjang.co.kr/products/406960622,2026-05-11 17:24,산리오 헬로키티 중국 미니소 시크릿 블랙 검정 히퍼 핸드폰 모니터 피규어,,,UNKNOWN,N,,SALE,,,,,UNKNOWN
모니터,번개장터,398339891,먼작귀 치이카와 하치와레 쿠리만쥬 시사 모몽가 우사기 모니터 피규어,4000,판매중,,https://media.bunjang.co.kr/product/398339891_1_1775210012_w{res}.jpg,https://m.bunjang.co.kr/products/398339891,2026-05-11 17:21,먼작귀 치이카와 하치와레 쿠리만쥬 시사 모몽가 우사기 모니터 피규어,,,UNKNOWN,N,,SALE,,,,,UNKNOWN
모니터,번개장터,407429116,톰과 제리 X 카카오프렌즈 피규어 세트(6만),60000,판매중,,https://media.bunjang.co.kr/product/407429116_1_1778504323_w{res}.jpg,https://m.bunjang.co.kr/products/407429116,2026-05-11 17:14,톰과 제리 x 카카오프렌즈 피규어 세트(6만),,,UNKNOWN,N,,SALE,,,,,UNKNOWN
모니터,번개장터,338195967,LG 34WK650 울트라와이드 모니터 팝니다.,210000,판매중,,https://media.bunjang.co.kr/product/338195967_1_1749366691_w{res}.jpg,https://m.bunjang.co.kr/products/338195967,2026-05-11 17:11,lg 34wk650 울트라와이드 모니터 .,,,UNKNOWN,N,,SALE,,,,,UNKNOWN
모니터,번개장터,407428378,17-32인치형 클램프 가스스프링 모니터 암,41000,판매중,,https://media.bunjang.co.kr/product/407428378_1_1778487058_w{res}.jpg,https://m.bunjang.co.kr/products/407428378,2026-05-11 17:10,17-32인치형 클램프 가스스프링 모니터 암,,,UNKNOWN,N,,SALE,,,,,UNKNOWN
모니터,번개장터,368990061,밴츠 w166 ML 순정모니터,70000,판매중,,https://media.bunjang.co.kr/product/368990061_1_1763010306_w{res}.jpg,https://m.bunjang.co.kr/products/368990061,2026-05-11 17:00,밴츠 w166 ml 순정모니터,,,UNKNOWN,N,,SALE,,,,,UNKNOWN
모니터,번개장터,407425570,"모니터,스피커,웹캠,키보드 팝니다",10000,판매중,,https://media.bunjang.co.kr/product/407425570_1_1778562835_w{res}.jpg,https://m.bunjang.co.kr/products/407425570,2026-05-11 16:57,"모니터,스피커,웹캠,키보드",,,UNKNOWN,N,,SALE,,,,,UNKNOWN
모니터,번개장터,364777765,QWER 2주년 팝업 라이트 더 스테이지+ 모니터 아크릴 스탠드,70000,판매중,,https://media.bunjang.co.kr/product/364777765_1_1778144465_w{res}.jpg,https://m.bunjang.co.kr/products/364777765,2026-05-11 16:46,qwer 2주년 팝업 라이트 더 스테이지+ 모니터 아크릴 스탠드,,,UNKNOWN,N,,SALE,,,,,UNKNOWN
모니터,번개장터,407421943,그린아이티씨 gl-ST320F2  32인치모니터,60000,판매중,,https://media.bunjang.co.kr/product/407421943_1_1778485396_w{res}.jpg,https://m.bunjang.co.kr/products/407421943,2026-05-11 16:41,그린아이티씨 gl-st320f2 32인치모니터,,,UNKNOWN,N,,SALE,,,,,UNKNOWN
모니터,번개장터,407421077,32인치 LG 모니터 32MP58HQW,120000,판매중,,https://media.bunjang.co.kr/product/407421077_1_1778485040_w{res}.jpg,https://m.bunjang.co.kr/products/407421077,2026-05-11 16:37,32인치 lg 모니터 32mp58hqw,,,UNKNOWN,N,,SALE,,,,,UNKNOWN
모니터,번개장터,407420766,단방향 구형모니터 DVI 모니터 연결 케이블 15m,51000,판매중,,https://media.bunjang.co.kr/product/407420766_1_1778484941_w{res}.jpg,https://m.bunjang.co.kr/products/407420766,2026-05-11 16:35,단방향 구형모니터 dvi 모니터 연결 케이블 15m,,,CABLE,Y,,SALE,,,,,UNKNOWN
모니터,번개장터,405585536,23인치 Lg ips 모니터,25000,판매중,,https://media.bunjang.co.kr/product/405585536_1_1778147765_w{res}.jpg,https://m.bunjang.co.kr/products/405585536,2026-05-11 16:29,23인치 lg ips 모니터,,,UNKNOWN,N,,SALE,,,,,UNKNOWN
모니터,번개장터,309982511,에쿠스 VI 2013년 AVN 8인치 모니터 96525-3N000,80000,판매중,,https://media.bunjang.co.kr/product/309982511_1_1777385107_w{res}.jpg,https://m.bunjang.co.kr/products/309982511,2026-05-11 16:19,에쿠스 vi 2013년 avn 8인치 모니터 96525-3n000,,,UNKNOWN,N,,SALE,,,,,UNKNOWN
모니터,번개장터,256097755,올뉴K7 2018년 AVN 모니터 96525-F6200 단품,120000,판매중,,https://media.bunjang.co.kr/product/256097755_1_1777383961_w{res}.jpg,https://m.bunjang.co.kr/products/256097755,2026-05-11 16:19,올뉴k7 2018년 avn 모니터 96525-f6200 단품,,,UNKNOWN,N,,SALE,,,,,UNKNOWN
모니터,번개장터,407416830,HDMI 2.0 to DVI-D 듀얼 모니터 변환 케이블 1.8m,6000,판매중,,https://media.bunjang.co.kr/product/407416830_1_1778483771_w{res}.jpg,https://m.bunjang.co.kr/products/407416830,2026-05-11 16:16,hdmi 2.0 to dvi-d 듀얼 모니터 변환 케이블 1.8m,,,CABLE,Y,,SALE,,,,,UNKNOWN
모니터,번개장터,339646537,[새상품] 앱코 오엘라 LED 모니터 노트북 램프 ML01,5000,판매중,,https://media.bunjang.co.kr/product/339646537_1_1776814198_w{res}.jpg,https://m.bunjang.co.kr/products/339646537,2026-05-11 16:07,[] 앱코 오엘라 led 모니터 노트북 램프 ml01,,,laptop,N,,SALE,,,,,UNKNOWN
모니터,번개장터,383232128,AOC 알파스캔 wqhd 34인치 모니터,260000,판매중,,https://media.bunjang.co.kr/product/383232128_1_1774894634_w{res}.jpg,https://m.bunjang.co.kr/products/383232128,2026-05-11 16:03,aoc 알파스캔 wqhd 34인치 모니터,,,UNKNOWN,N,,SALE,,,,,UNKNOWN
모니터,번개장터,407411611,HDMI 2.0 M/F 모니터 연장 기본 케이블 3m,8000,판매중,,https://media.bunjang.co.kr/product/407411611_1_1778482270_w{res}.jpg,https://m.bunjang.co.kr/products/407411611,2026-05-11 15:51,hdmi 2.0 m/f 모니터 연장 기본 케이블 3m,,,CABLE,Y,,SALE,,,,,UNKNOWN
모니터,번개장터,398683990,ASUS PG248QP 540Hz 모니터 풀박스,670000,판매중,,https://media.bunjang.co.kr/product/398683990_1_1776160889_w{res}.jpg,https://m.bunjang.co.kr/products/398683990,2026-05-11 15:47,asus pg248qp 540hz 모니터 스,,,UNKNOWN,N,,SALE,,,,,UNKNOWN
모니터,번개장터,335118988,컴퓨터용 디지털 멀티탭(체크 탭) ㅡ3개 일괄,20000,판매중,,https://media.bunjang.co.kr/product/335118988_1_1751298622_w{res}.jpg,https://m.bunjang.co.kr/products/335118988,2026-05-11 15:41,컴퓨터용 디지털 멀티탭(체크 탭) ㅡ3개 일괄,,,desktop,N,,SALE,,,,,UNKNOWN
모니터,번개장터,383428968,야마하 NS-1000M 최상급 스튜디오 모니터 스피커,1450000,판매중,,https://media.bunjang.co.kr/product/383428968_1_1777711085_w{res}.jpg,https://m.bunjang.co.kr/products/383428968,2026-05-11 15:33,야마하 ns-1000m 최상급 스튜디오 모니터 스피커,,,UNKNOWN,N,,SALE,,,,,UNKNOWN
모니터,번개장터,407407361,에쿠스VI 중신형 메모리 통풍 모니터 타입 운전석 엉덩이 시트 팔아요.,100000,판매중,,https://media.bunjang.co.kr/product/407407361_1_1778481046_w{res}.jpg,https://m.bunjang.co.kr/products/407407361,2026-05-11 15:30,에쿠스vi 중신형 메모리 통풍 모니터 타입 운전석 엉덩이 시트 .,,,UNKNOWN,N,,SALE,,,,,UNKNOWN
모니터,번개장터,406699069,10.26인치 카플레이 모니터,65000,판매중,,https://media.bunjang.co.kr/product/406699069_1_1778201247_w{res}.jpg,https://m.bunjang.co.kr/products/406699069,2026-05-11 15:29,10.26인치 카플레이 모니터,,,UNKNOWN,N,,SALE,,,,,UNKNOWN
모니터,번개장터,407406652,먼작귀 모니터 피규어 히든 해달,10000,판매중,,https://media.bunjang.co.kr/product/407406652_1_1778480846_w{res}.jpg,https://m.bunjang.co.kr/products/407406652,2026-05-11 15:27,먼작귀 모니터 피규어 히든 해달,,,UNKNOWN,N,,SALE,,,,,UNKNOWN
모니터,번개장터,385803360,삼성 모니터 hdmi+전원 케이블,10000,판매중,,https://media.bunjang.co.kr/product/385803360_1_1771410488_w{res}.jpg,https://m.bunjang.co.kr/products/385803360,2026-05-11 15:25,삼성 모니터 hdmi+전원 케이블,,,CABLE,Y,,SALE,,,,,UNKNOWN
모니터,번개장터,393375518,"시노비7 모니터, 숄더리그 키트, V마운트 배터리, V마운트 배터리 플레",230000,판매중,,https://media.bunjang.co.kr/product/393375518_1_1778403690_w{res}.jpg,https://m.bunjang.co.kr/products/393375518,2026-05-11 15:14,"시노비7 모니터, 숄더리그 키트, v마운트 배터리, v마운트 배터리 플레",,,UNKNOWN,N,,SALE,,,,,UNKNOWN
모니터,번개장터,407403962,삼성 스마트모니터 M5 32인치 화이트  미개봉,245000,판매중,,https://media.bunjang.co.kr/product/407403962_1_1778480041_w{res}.jpg,https://m.bunjang.co.kr/products/407403962,2026-05-11 15:14,삼성 스마트모니터 m5 32인치 화이트,,,UNKNOWN,N,,SALE,,,,,UNKNOWN
모니터,번개장터,407403526,P2C T-100 터치 스크린 모니터 일체형,30000,판매중,,https://media.bunjang.co.kr/product/407403526_1_1778479909_w{res}.jpg,https://m.bunjang.co.kr/products/407403526,2026-05-11 15:11,p2c t-100 터치 스크린 모니터 일체형,,,UNKNOWN,N,,SALE,,,,,UNKNOWN
모니터,번개장터,387239638,스포티지NQ5 하이브리드 LCD 슈퍼비전계기판 모니터일체형,900000,판매중,,https://media.bunjang.co.kr/product/387239638_1_1770275228_w{res}.jpg,https://m.bunjang.co.kr/products/387239638,2026-05-11 15:10,스포티지nq5 하이브리드 lcd 슈퍼비전계기판 모니터일체형,,,UNKNOWN,N,,SALE,,,,,UNKNOWN
모니터,번개장터,255939084,가전제품 세탁기 냉장고 에어컨 텔레비전 모니터 도매로 여러대 판매합니다,50000,판매중,,https://media.bunjang.co.kr/product/255939084_1_1730010087_w{res}.jpg,https://m.bunjang.co.kr/products/255939084,2026-05-11 15:04,가전제품 세탁기 냉장고 에어컨 텔레비전 모니터 도매로 여러대,,,UNKNOWN,N,,SALE,,,,,UNKNOWN
모니터,번개장터,181924654,27인치  LED LCD 모니터20대.32인치TV겸모니터10대 판매합니다,50000,판매중,,https://media.bunjang.co.kr/product/181924654_1_1740465333_w{res}.jpg,https://m.bunjang.co.kr/products/181924654,2026-05-11 15:04,27인치 led lcd 모니터20대.32인치tv겸모니터10대,,,UNKNOWN,N,,SALE,,,,,UNKNOWN
모니터,번개장터,130775638,삼성 엘지 LED LCD 모니터.소형TV 50여대 저렴하게 판매합니다,40000,판매중,,https://media.bunjang.co.kr/product/130775638_1_1740690908_w{res}.jpg,https://m.bunjang.co.kr/products/130775638,2026-05-11 15:04,삼성 엘지 led lcd 모니터.소형tv 50여대 저렴하게,,,UNKNOWN,N,,SALE,,,,,UNKNOWN
모니터,번개장터,397727626,한성 TFG27F16V 27인치 커브드 게이밍 모니터 180Hz,180000,판매중,,https://media.bunjang.co.kr/product/397727626_1_1775750985_w{res}.jpg,https://m.bunjang.co.kr/products/397727626,2026-05-11 15:03,한성 tfg27f16v 27인치 커브드 게이밍 모니터 180hz,,,UNKNOWN,N,,SALE,,,,,UNKNOWN
모니터,번개장터,380151493,삼성 컴퓨터 본체와 일반모니터까지 구성품 다 가져가세요~,190000,판매중,,https://media.bunjang.co.kr/product/380151493_1_1767506186_w{res}.jpg,https://m.bunjang.co.kr/products/380151493,2026-05-11 14:47,삼성 컴퓨터 본체와 일반모니터까지 구성품 다 가져가세요~,,,desktop,N,,SALE,,,,,UNKNOWN
모니터,번개장터,403597786,"게이밍 i7pc,본체+모니터+키보드+마우스+스피커 풀세트",380000,판매중,,https://media.bunjang.co.kr/product/403597786_1_1778477711_w{res}.jpg,https://m.bunjang.co.kr/products/403597786,2026-05-11 14:36,"게이밍 i7pc,본체+모니터+키보드+마우스+스피커 풀세트",,,desktop,N,,SALE,,,,,UNKNOWN
모니터,번개장터,402104543,먼작귀 모니터 피규어 ( 치이카와 / 랏코 / 시사 ),4000,판매중,,https://media.bunjang.co.kr/product/402104543_1_1777460356_w{res}.jpg,https://m.bunjang.co.kr/products/402104543,2026-05-11 14:30,먼작귀 모니터 피규어 ( 치이카와 / 랏코 / 시사 ),,,UNKNOWN,N,,SALE,,,,,UNKNOWN
모니터,번개장터,407394220,LG 32GK850G,50000,판매중,,https://media.bunjang.co.kr/product/407394220_1_1778477062_w{res}.jpg,https://m.bunjang.co.kr/products/407394220,2026-05-11 14:24,lg 32gk850g,,,UNKNOWN,N,,SALE,,,,,UNKNOWN
모니터,번개장터,407394196,미피 모니터 방향제,6000,판매중,,https://media.bunjang.co.kr/product/407394196_1_1778477056_w{res}.jpg,https://m.bunjang.co.kr/products/407394196,2026-05-11 14:24,미피 모니터 방향제,,,UNKNOWN,N,,SALE,,,,,UNKNOWN
모니터,번개장터,385258569,34wn780 LG WQHD 모니터 팝니다.,300000,판매중,,https://media.bunjang.co.kr/product/385258569_1_1776150791_w{res}.jpg,https://m.bunjang.co.kr/products/385258569,2026-05-11 14:14,34wn780 lg wqhd 모니터 .,,,UNKNOWN,N,,SALE,,,,,UNKNOWN
모니터,번개장터,407392192,BT21 캐릭터 피규어 세트) 모니터 피규어 세트,15000,판매중,,https://media.bunjang.co.kr/product/407392192_1_1778476396_w{res}.jpg,https://m.bunjang.co.kr/products/407392192,2026-05-11 14:13,bt21 캐릭터 피규어 세트) 모니터 피규어 세트,,,UNKNOWN,N,,SALE,,,,,UNKNOWN
모니터,번개장터,401530578,모니터27인지 에이메카 AM-270LP 광시야각 144   무결점,108000,판매중,,https://media.bunjang.co.kr/product/401530578_1_1778426175_w{res}.jpg,https://m.bunjang.co.kr/products/401530578,2026-05-11 14:10,모니터27인지 에이메카 am-270lp 광시야각 144 무결점,,,UNKNOWN,N,,SALE,,,,,UNKNOWN
모니터,번개장터,267438755,삼성모니터 받침대 팝니다.,6000,판매중,,https://media.bunjang.co.kr/product/267438755_1_1732850073_w{res}.jpg,https://m.bunjang.co.kr/products/267438755,2026-05-11 14:06,삼성모니터 받침대 .,,,UNKNOWN,N,,SALE,,,,,UNKNOWN
모니터,번개장터,385319309,마이픽스 X-EAR 무선 모니터링 시스템,450000,판매중,,https://media.bunjang.co.kr/product/385319309_1_1772757950_w{res}.jpg,https://m.bunjang.co.kr/products/385319309,2026-05-11 14:04,마이픽스 x-ear 무선 모니터링 시스템,,,UNKNOWN,N,,SALE,,,,,UNKNOWN
모니터,번개장터,407390483,한성 커브드 모니터,30000,예약중,,https://media.bunjang.co.kr/product/407390483_1_1778498741_w{res}.jpg,https://m.bunjang.co.kr/products/407390483,2026-05-11 14:03,한성 커브드 모니터,,,UNKNOWN,N,,RESERVED,,,,,UNKNOWN
모니터,번개장터,407389191,24인치 IPS 144Hz 1ms FHD 게이밍 모니터 DP지원,120000,판매중,,https://media.bunjang.co.kr/product/407389191_1_1778475397_w{res}.jpg,https://m.bunjang.co.kr/products/407389191,2026-05-11 13:56,24인치 ips 144hz 1ms fhd 게이밍 모니터 dp지원,,,UNKNOWN,N,,SALE,,,,,UNKNOWN
모니터,번개장터,407386352,XM-784 17.3인치 천장 안드로이드 모니터,350000,판매중,,https://media.bunjang.co.kr/product/407386352_1_1778474455_w{res}.jpg,https://m.bunjang.co.kr/products/407386352,2026-05-11 13:40,xm-784 17.3인치 천장 안드로이드 모니터,,,UNKNOWN,N,,SALE,,,,,UNKNOWN
모니터,번개장터,407187670,먼작귀 랏코 컵케이크 모니터 피규어 컵케잌 해달 치이카와,4300,판매중,,https://media.bunjang.co.kr/product/407187670_1_1778403844_w{res}.jpg,https://m.bunjang.co.kr/products/407187670,2026-05-11 13:40,먼작귀 랏코 컵케이크 모니터 피규어 컵케잌 해달 치이카와,,,UNKNOWN,N,,SALE,,,,,UNKNOWN
모니터,번개장터,130628093,"K9 AVN 데크,8인치 모니터,앰프 세트 팝니다.",150000,판매중,,https://media.bunjang.co.kr/product/130628093_1_1763000816_w{res}.jpg,https://m.bunjang.co.kr/products/130628093,2026-05-11 13:30,"k9 avn 데크,8인치 모니터,앰프 세트 .",,,UNKNOWN,N,,SALE,,,,,UNKNOWN
모니터,번개장터,167606006,"그랜져HG 2014년 순정 AVN 무출 데크,모니터 팝니다.",70000,판매중,,https://media.bunjang.co.kr/product/167606006_1_1770778744_w{res}.jpg,https://m.bunjang.co.kr/products/167606006,2026-05-11 13:30,"그랜져hg 2014년 순정 avn 무출 데크,모니터 .",,,UNKNOWN,N,,SALE,,,,,UNKNOWN
모니터,번개장터,406166054,TOA SL-122M 10인치 모니터 스피커,170000,판매중,,https://media.bunjang.co.kr/product/406166054_1_1777977568_w{res}.jpg,https://m.bunjang.co.kr/products/406166054,2026-05-11 13:28,toa sl-122m 10인치 모니터 스피커,,,UNKNOWN,N,,SALE,,,,,UNKNOWN
모니터,번개장터,407384068,알루미늄 듀얼 모니터암 거치대 (17-27형 지원),56000,판매중,,https://media.bunjang.co.kr/product/407384068_1_1778473596_w{res}.jpg,https://m.bunjang.co.kr/products/407384068,2026-05-11 13:26,알루미늄 듀얼 모니터암 거치대 (17-27형 지원),,,STAND,Y,,SALE,,,,,UNKNOWN
모니터,번개장터,391151608,휴대용 모니터 빅트랙 161PM01 보호필름 1장 새상품,15000,판매중,,https://media.bunjang.co.kr/product/391151608_1_1771843509_w{res}.jpg,https://m.bunjang.co.kr/products/391151608,2026-05-11 13:26,휴대용 모니터 빅트랙 161pm01 보호필름 1장,,,FILM,Y,,SALE,,,,,UNKNOWN
모니터,번개장터,405396249,시나모롤 모니터 방향제,5000,판매중,,https://media.bunjang.co.kr/product/405396249_1_1777713989_w{res}.jpg,https://m.bunjang.co.kr/products/405396249,2026-05-11 13:24,시나모롤 모니터 방향제,,,UNKNOWN,N,,SALE,,,,,UNKNOWN
모니터,번개장터,180304555,모니터 받침대,11000,판매중,,https://media.bunjang.co.kr/product/180304555_1_1744759954_w{res}.jpg,https://m.bunjang.co.kr/products/180304555,2026-05-11 13:24,모니터 받침대,,,UNKNOWN,N,,SALE,,,,,UNKNOWN
모니터,번개장터,407382881,삼성 모니터 (2댸)LS24F352FHKXKR,60000,판매중,,https://media.bunjang.co.kr/product/407382881_1_1778572397_w{res}.jpg,https://m.bunjang.co.kr/products/407382881,2026-05-11 13:18,삼성 모니터 (2댸)ls24f352fhkxkr,,,UNKNOWN,N,,SALE,,,,,UNKNOWN
모니터,번개장터,392235438,"윈도우 11정품 컴퓨터 본체, 모니터 판매",1000000,판매중,,https://media.bunjang.co.kr/product/392235438_1_1778472748_w{res}.jpg,https://m.bunjang.co.kr/products/392235438,2026-05-11 13:14,"윈도우 11 컴퓨터 본체, 모니터",,,desktop,N,,SALE,,,,,UNKNOWN
모니터,번개장터,398841626,Focal Shape 50 모니터 스피커 한 쌍,1300000,판매중,,https://media.bunjang.co.kr/product/398841626_1_1775093969_w{res}.jpg,https://m.bunjang.co.kr/products/398841626,2026-05-11 13:11,focal shape 50 모니터 스피커 한 쌍,,,UNKNOWN,N,,SALE,,,,,UNKNOWN
모니터,번개장터,205444862,삼성 24인치 LED 모니터 LS24B300HLA/CR 팝니다 HDMI,48000,판매중,,https://media.bunjang.co.kr/product/205444862_1_1773285167_w{res}.jpg,https://m.bunjang.co.kr/products/205444862,2026-05-11 13:09,삼성 24인치 led 모니터 ls24b300hla/cr hdmi,,,UNKNOWN,N,,SALE,,,,,UNKNOWN
모니터,번개장터,257070378,피벗지원 삼성 21.5인치 LED 모니터 S22C450B  팝니다,40000,판매중,,https://media.bunjang.co.kr/product/257070378_1_1767601738_w{res}.jpg,https://m.bunjang.co.kr/products/257070378,2026-05-11 13:09,피벗지원 삼성 21.5인치 led 모니터 s22c450b,,,UNKNOWN,N,,SALE,,,,,UNKNOWN
모니터,번개장터,214222824,LG 24인치 LED 모니터 24MP47HQ 팝니다 HDMI 지원,45000,판매중,,https://media.bunjang.co.kr/product/214222824_1_1767112094_w{res}.jpg,https://m.bunjang.co.kr/products/214222824,2026-05-11 13:09,lg 24인치 led 모니터 24mp47hq hdmi 지원,,,UNKNOWN,N,,SALE,,,,,UNKNOWN
모니터,번개장터,206281986,삼성 24인치 LED 모니터 S24B300HLA 팝니다 HDMI 지원,45000,판매중,,https://media.bunjang.co.kr/product/206281986_1_1761492870_w{res}.jpg,https://m.bunjang.co.kr/products/206281986,2026-05-11 13:09,삼성 24인치 led 모니터 s24b300hla hdmi 지원,,,UNKNOWN,N,,SALE,,,,,UNKNOWN
모니터,번개장터,152343218,LG 24인치 LED 모니터 24M47VQ 팝니다,42000,판매중,,https://media.bunjang.co.kr/product/152343218_1_1775031097_w{res}.jpg,https://m.bunjang.co.kr/products/152343218,2026-05-11 13:09,lg 24인치 led 모니터 24m47vq,,,UNKNOWN,N,,SALE,,,,,UNKNOWN
모니터,번개장터,151628351,24인치 LED 모니터 75hz지원 V2407 팝니다,45000,판매중,,https://media.bunjang.co.kr/product/151628351_1_1775537654_w{res}.jpg,https://m.bunjang.co.kr/products/151628351,2026-05-11 13:08,24인치 led 모니터 75hz지원 v2407,,,UNKNOWN,N,,SALE,,,,,UNKNOWN
모니터,번개장터,407380774,먼작귀 치이카와 모니터 피규어 2종일괄,5500,판매중,,https://media.bunjang.co.kr/product/407380774_1_1778473967_w{res}.jpg,https://m.bunjang.co.kr/products/407380774,2026-05-11 13:05,먼작귀 치이카와 모니터 피규어 2종일괄,,,UNKNOWN,N,,SALE,,,,,UNKNOWN
모니터,번개장터,129863797,LG 24인치 LED 모니터 24M45HQ 팝니다,42000,판매중,,https://media.bunjang.co.kr/product/129863797_1_1765701811_w{res}.jpg,https://m.bunjang.co.kr/products/129863797,2026-05-11 13:04,lg 24인치 led 모니터 24m45hq,,,UNKNOWN,N,,SALE,,,,,UNKNOWN
모니터,번개장터,376752127,LED 27인치 모니터 AS-270WDLED 팝니다 FHD,45000,판매중,,https://media.bunjang.co.kr/product/376752127_1_1777518320_w{res}.jpg,https://m.bunjang.co.kr/products/376752127,2026-05-11 13:00,led 27인치 모니터 as-270wdled fhd,,,UNKNOWN,N,,SALE,,,,,UNKNOWN
모니터,번개장터,219333130,LG 24인치 LED 모니터 24EA53VQ 팝니다,42000,판매중,,https://media.bunjang.co.kr/product/219333130_1_1775017005_w{res}.jpg,https://m.bunjang.co.kr/products/219333130,2026-05-11 12:57,lg 24인치 led 모니터 24ea53vq,,,UNKNOWN,N,,SALE,,,,,UNKNOWN
모니터,번개장터,324670308,27인치 LED 모니터 K27MFC 팝니다,57000,판매중,,https://media.bunjang.co.kr/product/324670308_1_1777272931_w{res}.jpg,https://m.bunjang.co.kr/products/324670308,2026-05-11 12:56,27인치 led 모니터 k27mfc,,,UNKNOWN,N,,SALE,,,,,UNKNOWN
모니터,번개장터,407378955,(새상품)(정품)(SAMSUNG) 삼성 모니터 스탠드/거치대,20000,판매중,,https://media.bunjang.co.kr/product/407378955_1_1778471603_w{res}.jpg,https://m.bunjang.co.kr/products/407378955,2026-05-11 12:53,()()(samsung) 삼성 모니터 스탠드/거치대,,,STAND,Y,,SALE,,,,,UNKNOWN
모니터,번개장터,397361718,톰과 제리 x 카카오프렌즈 한정판 모니터피규어,200000,판매중,,https://media.bunjang.co.kr/product/397361718_1_1774432722_w{res}.jpg,https://m.bunjang.co.kr/products/397361718,2026-05-11 12:52,톰과 제리 x 카카오프렌즈 한정판 모니터피규어,,,UNKNOWN,N,,SALE,,,,,UNKNOWN
모니터,번개장터,203586113,신품 7%가격  7시리즈 F01 / F02 순정 정품 NBT 모니터,350000,판매중,,https://media.bunjang.co.kr/product/203586113_1_1777032260_w{res}.jpg,https://m.bunjang.co.kr/products/203586113,2026-05-11 12:49,신품 7%가격 7시리즈 f01 / f02 순정 nbt 모니터,,,UNKNOWN,N,,SALE,,,,,UNKNOWN
모니터,번개장터,407376350,삼성전자 led 모니터 받침대 SI-GE0C05B2A1D 삽니다,100000,판매중,,https://media.bunjang.co.kr/product/407376350_1_1778470576_w{res}.jpg,https://m.bunjang.co.kr/products/407376350,2026-05-11 12:36,삼성전자 led 모니터 받침대 si-ge0c05b2a1d,,,UNKNOWN,N,,SALE,,,,,UNKNOWN
모니터,번개장터,407375588,32인치 VA패널 FHD 200Hz 프리싱크 게이밍 모니터 HDMI/DP,277000,판매중,,https://media.bunjang.co.kr/product/407375588_1_1778470271_w{res}.jpg,https://m.bunjang.co.kr/products/407375588,2026-05-11 12:31,32인치 va패널 fhd 200hz 프리싱크 게이밍 모니터 hdmi/dp,,,UNKNOWN,N,,SALE,,,,,UNKNOWN
모니터,번개장터,280982936,삼성 아답터 12V 3.34A (2구전원케이블포함),5000,판매중,,https://media.bunjang.co.kr/product/280982936_1_1771562021_w{res}.jpg,https://m.bunjang.co.kr/products/280982936,2026-05-11 12:28,삼성 아답터 12v 3.34a (2구전원케이블포함),,,CABLE,Y,,SALE,,,,,UNKNOWN
모니터,번개장터,300282671,HP 24인치 ips 모니터  E243 피벗(회전)가능 슬림베젤,75000,판매중,,https://media.bunjang.co.kr/product/300282671_1_1769474957_w{res}.jpg,https://m.bunjang.co.kr/products/300282671,2026-05-11 12:28,hp 24인치 ips 모니터 e243 피벗(회전)가능 슬림베젤,,,UNKNOWN,N,,SALE,,,,,UNKNOWN
모니터,번개장터,326475911,삼성 울트라 와이드 모니터 34인치,175000,판매중,,https://media.bunjang.co.kr/product/326475911_1_1778294378_w{res}.jpg,https://m.bunjang.co.kr/products/326475911,2026-05-11 12:22,삼성 울트라 와이드 모니터 34인치,,,UNKNOWN,N,,SALE,,,,,UNKNOWN
모니터,번개장터,407374163,폴타입 1단 스틸 모니터 브라켓,23000,판매중,,https://media.bunjang.co.kr/product/407374163_1_1778469707_w{res}.jpg,https://m.bunjang.co.kr/products/407374163,2026-05-11 12:21,폴타입 1단 스틸 모니터 브라켓,,,UNKNOWN,N,,SALE,,,,,UNKNOWN
모니터,번개장터,407374043,삼성전자 24인치 FHD 피벗모니터,80000,판매중,,https://media.bunjang.co.kr/product/407374043_1_1778469659_w{res}.jpg,https://m.bunjang.co.kr/products/407374043,2026-05-11 12:20,삼성전자 24인치 fhd 피벗모니터,,,UNKNOWN,N,,SALE,,,,,UNKNOWN
모니터,번개장터,407372964,BABEL 27인치 모니터 BM-2707LED,90000,판매중,,https://media.bunjang.co.kr/product/407372964_1_1778469231_w{res}.jpg,https://m.bunjang.co.kr/products/407372964,2026-05-11 12:13,babel 27인치 모니터 bm-2707led,,,UNKNOWN,N,,SALE,,,,,UNKNOWN
모니터,번개장터,388604216,KRK ROKIT5 G5 모니터링 스피커 캔스톤 스탠드,480000,판매중,,https://media.bunjang.co.kr/product/388604216_1_1777605432_w{res}.jpg,https://m.bunjang.co.kr/products/388604216,2026-05-11 12:12,krk rokit5 g5 모니터링 스피커 캔스톤 스탠드,,,UNKNOWN,N,,SALE,,,,,UNKNOWN
모니터,번개장터,344082413,삼성모니터,49000,판매중,,https://media.bunjang.co.kr/product/344082413_1_1773241560_w{res}.jpg,https://m.bunjang.co.kr/products/344082413,2026-05-11 12:03,삼성모니터,,,UNKNOWN,N,,SALE,,,,,UNKNOWN
모니터,번개장터,192023071,65인치 UHD 4K LED TV 미개봉 새제품 무료배송 모니터 티비,538000,판매중,,https://media.bunjang.co.kr/product/192023071_1_1660392244_w{res}.jpg,https://m.bunjang.co.kr/products/192023071,2026-05-11 11:51,65인치 uhd 4k led tv 새제품 무료배송 모니터 티비,,,UNKNOWN,N,,SALE,,,,,UNKNOWN
모니터,번개장터,333396581,spl 2381 모니터 컨트롤러 판매교환,830000,판매중,,https://media.bunjang.co.kr/product/333396581_1_1747135486_w{res}.jpg,https://m.bunjang.co.kr/products/333396581,2026-05-11 11:50,spl 2381 모니터 컨트롤러 교환,,,UNKNOWN,N,,SALE,,,,,UNKNOWN
모니터,번개장터,350772420,삼성 스마트 모니터 M7 32인치,10250,판매중,,https://media.bunjang.co.kr/product/350772420_1_1776953140_w{res}.jpg,https://m.bunjang.co.kr/products/350772420,2026-05-11 11:48,삼성 스마트 모니터 m7 32인치,,,UNKNOWN,N,,SALE,,,,,UNKNOWN
모니터,번개장터,380824009,아이들 톰보이 유큐브 모니터링 당첨자 우기 포토카드 포카 양도,300000,판매중,,https://media.bunjang.co.kr/product/380824009_1_1768205042_w{res}.jpg,https://m.bunjang.co.kr/products/380824009,2026-05-11 11:46,아이들 톰보이 유큐브 모니터링 당첨자 우기 포토카드 포카 양도,,,UNKNOWN,N,,SALE,,,,,UNKNOWN
모니터,번개장터,393092843,치이카와 우사기 잠옷 모니터 인형 양도,19000,판매중,,https://media.bunjang.co.kr/product/393092843_1_1772605568_w{res}.jpg,https://m.bunjang.co.kr/products/393092843,2026-05-11 11:39,치이카와 우사기 잠옷 모니터 인형 양도,,,UNKNOWN,N,,SALE,,,,,UNKNOWN
모니터,번개장터,395689509,49인치 울트라와이드 / 듀얼모니터급 / 120Hz,490000,판매중,,https://media.bunjang.co.kr/product/395689509_1_1774831021_w{res}.jpg,https://m.bunjang.co.kr/products/395689509,2026-05-11 11:31,49인치 울트라와이드 / 듀얼모니터급 / 120hz,,,UNKNOWN,N,,SALE,,,,,UNKNOWN
모니터,번개장터,401662263,먼작귀 모니터 랜덤 피규어 히든 랏코,10900,판매중,,https://media.bunjang.co.kr/product/401662263_1_1778319506_w{res}.jpg,https://m.bunjang.co.kr/products/401662263,2026-05-11 11:28,먼작귀 모니터 랜덤 피규어 히든 랏코,,,UNKNOWN,N,,SALE,,,,,UNKNOWN
모니터,번개장터,351551960,HDMI 모니터 케이블,1000,판매중,,https://media.bunjang.co.kr/product/351551960_1_1766148756_w{res}.jpg,https://m.bunjang.co.kr/products/351551960,2026-05-11 11:24,hdmi 모니터 케이블,,,CABLE,Y,,SALE,,,,,UNKNOWN
모니터,번개장터,407365536,(정품) (ASUS) IPS/FHD/LED 에이수스 모니터/스피커 내장형,60000,판매중,,https://media.bunjang.co.kr/product/407365536_1_1778466192_w{res}.jpg,https://m.bunjang.co.kr/products/407365536,2026-05-11 11:23,() (asus) ips/fhd/led 에이수스 모니터/스피커 내장형,,,UNKNOWN,N,,SALE,,,,,UNKNOWN
모니터,번개장터,405881728,게이밍에 최적화된 벤큐 XL2411K 모니터입니다24인치 크기에 144,170000,판매중,,https://media.bunjang.co.kr/product/405881728_1_1778192648_w{res}.jpg,https://m.bunjang.co.kr/products/405881728,2026-05-11 11:22,게이밍에 최적화된 벤큐 xl2411k 모니터입니다24인치 크기에 144,,,UNKNOWN,N,,SALE,,,,,UNKNOWN
모니터,번개장터,406692366,RAEANtech 팬텀 SMF2760 27인치 FHD 스마트 모니터,65000,판매중,,https://media.bunjang.co.kr/product/406692366_1_1778465733_w{res}.jpg,https://m.bunjang.co.kr/products/406692366,2026-05-11 11:16,raeantech 팬텀 smf2760 27인치 fhd 스마트 모니터,,,UNKNOWN,N,,SALE,,,,,UNKNOWN
모니터,번개장터,407364393,에쿠스VI AVN 내비게이션 오디오 모니터 96563-3N500,17000,판매중,,https://media.bunjang.co.kr/product/407364393_1_1778465766_w{res}.jpg,https://m.bunjang.co.kr/products/407364393,2026-05-11 11:16,에쿠스vi avn 내비게이션 오디오 모니터 96563-3n500,,,UNKNOWN,N,,SALE,,,,,UNKNOWN
모니터,번개장터,381898803,레노버 P27h-20 IPS패널 QHD USB C타입 피벗 27인치모니터,150000,판매중,,https://media.bunjang.co.kr/product/381898803_1_1778305523_w{res}.jpg,https://m.bunjang.co.kr/products/381898803,2026-05-11 11:14,레노버 p27h-20 ips패널 qhd usb c타입 피벗 27인치모니터,,,UNKNOWN,N,,SALE,,,,,UNKNOWN
모니터,번개장터,391947366,LG전자 울트라기어 34GK950F 게이밍 144hz 모니터 커브드IPS,370000,판매중,,https://media.bunjang.co.kr/product/391947366_1_1778468411_w{res}.jpg,https://m.bunjang.co.kr/products/391947366,2026-05-11 11:14,lg전자 울트라기어 34gk950f 게이밍 144hz 모니터 커브드ips,,,UNKNOWN,N,,SALE,,,,,UNKNOWN
모니터,번개장터,372948560,사무용 딱 좋은 LG 24인치 중고 모니터 !,65000,판매중,,https://media.bunjang.co.kr/product/372948560_1_1773891131_w{res}.jpg,https://m.bunjang.co.kr/products/372948560,2026-05-11 11:12,사무용 딱 좋은 lg 24인치 중고 모니터 !,,,UNKNOWN,N,,SALE,,,,,UNKNOWN
모니터,번개장터,372949135,사무용 게임용 27인치 중고 모니터 보고 가세요!,85000,판매중,,https://media.bunjang.co.kr/product/372949135_1_1764554769_w{res}.jpg,https://m.bunjang.co.kr/products/372949135,2026-05-11 11:12,사무용 게임용 27인치 중고 모니터 보고 가세요!,,,UNKNOWN,N,,SALE,,,,,UNKNOWN
모니터,번개장터,372951079,32인치 240Hz 중고 게이밍 / 사무용 모니터 입니다.,174500,판매중,,https://media.bunjang.co.kr/product/372951079_1_1773890286_w{res}.jpg,https://m.bunjang.co.kr/products/372951079,2026-05-11 11:10,32인치 240hz 중고 게이밍 / 사무용 모니터 입니다.,,,UNKNOWN,N,,SALE,,,,,UNKNOWN
모니터,번개장터,365656468,24인치 사무용 중고 모니터 !,59500,판매중,,https://media.bunjang.co.kr/product/365656468_1_1764554699_w{res}.jpg,https://m.bunjang.co.kr/products/365656468,2026-05-11 11:07,24인치 사무용 중고 모니터 !,,,UNKNOWN,N,,SALE,,,,,UNKNOWN
모니터,번개장터,407362684,(새상품)(선물)(정품)(CAMAL)카멜 서브모니터/디지털액자/광고/메뉴,150000,판매중,,https://media.bunjang.co.kr/product/407362684_1_1778465086_w{res}.jpg,https://m.bunjang.co.kr/products/407362684,2026-05-11 11:04,()(선물)()(camal)카멜 서브모니터/디지털액자/광고/메뉴,,,UNKNOWN,N,,SALE,,,,,UNKNOWN
모니터,번개장터,407362529,(수리용) (부품용) LED QHD IPS 게이밍 모니터(스피커 내장형),20000,판매중,,https://media.bunjang.co.kr/product/407362529_1_1778465018_w{res}.jpg,https://m.bunjang.co.kr/products/407362529,2026-05-11 11:03,(수리용) (부품용) led qhd ips 게이밍 모니터(스피커 내장형),,,PARTS,Y,,SALE,,,,,UNKNOWN
모니터,번개장터,407362271,(정품) (LG) 엘지 FHD / LED 모니터,60000,판매중,,https://media.bunjang.co.kr/product/407362271_1_1778464918_w{res}.jpg,https://m.bunjang.co.kr/products/407362271,2026-05-11 11:01,() (lg) 엘지 fhd / led 모니터,,,UNKNOWN,N,,SALE,,,,,UNKNOWN
모니터,번개장터,407362264,삼성 DM500TFC 퍼스널 컴퓨터와 모니터,700000,판매중,,https://media.bunjang.co.kr/product/407362264_1_1778490309_w{res}.jpg,https://m.bunjang.co.kr/products/407362264,2026-05-11 11:01,삼성 dm500tfc 퍼스널 컴퓨터와 모니터,,,desktop,N,,SALE,,,,,UNKNOWN
모니터,번개장터,407361819,컴퓨터본체    모니터3만원,30000,판매중,,https://media.bunjang.co.kr/product/407361819_1_1778464736_w{res}.jpg,https://m.bunjang.co.kr/products/407361819,2026-05-11 10:58,컴퓨터본체 모니터3만원,,,desktop,N,,SALE,,,,,UNKNOWN
모니터,번개장터,128200131,"에쿠스VI AVN DIS용 데크,8인치 모니터,하만앰프,후석모니터 팝니다",70000,판매중,,https://media.bunjang.co.kr/product/128200131_1_1775006270_w{res}.jpg,https://m.bunjang.co.kr/products/128200131,2026-05-11 10:50,"에쿠스vi avn dis용 데크,8인치 모니터,하만앰프,후석모니터",,,UNKNOWN,N,,SALE,,,,,UNKNOWN
모니터,번개장터,405623938,삼보컴퓨터 CRT 모니터 Power sync,270000,판매중,,https://media.bunjang.co.kr/product/405623938_1_1777803956_w{res}.jpg,https://m.bunjang.co.kr/products/405623938,2026-05-11 10:49,삼보컴퓨터 crt 모니터 power sync,,,desktop,N,,SALE,,,,,UNKNOWN
모니터,번개장터,252630211,컴퓨터 모니터 키보드 마우스 스피커 싹다,1100000,판매중,,https://media.bunjang.co.kr/product/252630211_1_1707467115_w{res}.jpg,https://m.bunjang.co.kr/products/252630211,2026-05-11 10:49,컴퓨터 모니터 키보드 마우스 스피커 싹다,,,desktop,N,,SALE,,,,,UNKNOWN
모니터,번개장터,385547471,HP Z27n G2 QHD IPS패널 27인치 모니터 피벗 USB C타입,175000,판매중,,https://media.bunjang.co.kr/product/385547471_1_1770685697_w{res}.jpg,https://m.bunjang.co.kr/products/385547471,2026-05-11 10:46,hp z27n g2 qhd ips패널 27인치 모니터 피벗 usb c타입,,,UNKNOWN,N,,SALE,,,,,UNKNOWN
모니터,번개장터,383581659,담원 DW32165CVG 게이밍 32인치모니터 커브드 165hz 광시야각,130000,판매중,,https://media.bunjang.co.kr/product/383581659_1_1768875371_w{res}.jpg,https://m.bunjang.co.kr/products/383581659,2026-05-11 10:46,담원 dw32165cvg 게이밍 32인치모니터 커브드 165hz 광시야각,,,UNKNOWN,N,,SALE,,,,,UNKNOWN
모니터,번개장터,407359725,MSI MAG401QR UWQHD 게이밍 모니터 판매합니다.,320000,판매중,,https://media.bunjang.co.kr/product/407359725_1_1778463954_w{res}.jpg,https://m.bunjang.co.kr/products/407359725,2026-05-11 10:45,msi mag401qr uwqhd 게이밍 모니터 .,,,UNKNOWN,N,,SALE,,,,,UNKNOWN
모니터,번개장터,404548684,크로스오버 미켈란 24인치 100Hz 게이밍 모니터 24PMT5,75000,판매중,,https://media.bunjang.co.kr/product/404548684_1_1777363119_w{res}.jpg,https://m.bunjang.co.kr/products/404548684,2026-05-11 10:44,크로스오버 미켈란 24인치 100hz 게이밍 모니터 24pmt5,,,UNKNOWN,N,,SALE,,,,,UNKNOWN
모니터,번개장터,393095639,알파스캔 23인치 모니터 N2312 IPS LED,35000,판매중,,https://media.bunjang.co.kr/product/393095639_1_1777427288_w{res}.jpg,https://m.bunjang.co.kr/products/393095639,2026-05-11 10:43,알파스캔 23인치 모니터 n2312 ips led,,,UNKNOWN,N,,SALE,,,,,UNKNOWN
모니터,번개장터,407359410,(수원)삼성 27인치 FHD LED TV겸용 모니터 팝니다/내장스피커,60000,판매중,,https://media.bunjang.co.kr/product/407359410_1_1778463813_w{res}.jpg,https://m.bunjang.co.kr/products/407359410,2026-05-11 10:43,(수원)삼성 27인치 fhd led tv겸용 모니터 /내장스피커,,,UNKNOWN,N,,SALE,,,,,UNKNOWN
모니터,번개장터,205940922,TV 스탠드 받침대 거치대 OLED83C1 다리 발판/이동식 스마트모니터,90000,판매중,,https://media.bunjang.co.kr/product/205940922_1_1668890044_w{res}.jpg,https://m.bunjang.co.kr/products/205940922,2026-05-11 10:38,tv 스탠드 받침대 거치대 oled83c1 다리 발판/이동식 스마트모니터,,,STAND,Y,,SALE,,,,,UNKNOWN
모니터,번개장터,404461679,ADAM Audio A5X 스튜디오 모니터 스피커 1조,629000,판매중,,https://media.bunjang.co.kr/product/404461679_1_1777725238_w{res}.jpg,https://m.bunjang.co.kr/products/404461679,2026-05-11 10:33,adam audio a5x 스튜디오 모니터 스피커 1조,,,UNKNOWN,N,,SALE,,,,,UNKNOWN
모니터,번개장터,407158410,델 AW2523HF 모니터 360hz (상태S급) 풀박스 2523hf,430000,판매중,,https://media.bunjang.co.kr/product/407158410_1_1778385800_w{res}.jpg,https://m.bunjang.co.kr/products/407158410,2026-05-11 10:31,델 aw2523hf 모니터 360hz (상태s급) 스 2523hf,,,UNKNOWN,N,,SALE,,,,,UNKNOWN
모니터,번개장터,407157215,LG 27GP850 모니터 (상태S급),340000,판매중,,https://media.bunjang.co.kr/product/407157215_1_1778385396_w{res}.jpg,https://m.bunjang.co.kr/products/407157215,2026-05-11 10:31,lg 27gp850 모니터 (상태s급),,,UNKNOWN,N,,SALE,,,,,UNKNOWN
모니터,번개장터,405173596,삼성 G5 S27AG520 모니터 165Hz (상태S급),250000,판매중,,https://media.bunjang.co.kr/product/405173596_1_1778383967_w{res}.jpg,https://m.bunjang.co.kr/products/405173596,2026-05-11 10:31,삼성 g5 s27ag520 모니터 165hz (상태s급),,,UNKNOWN,N,,SALE,,,,,UNKNOWN
모니터,번개장터,399072387,레노버 Legion Y25g-30 게이밍 모니터 360hz 찐싱크,300000,판매중,,https://media.bunjang.co.kr/product/399072387_1_1776839280_w{res}.jpg,https://m.bunjang.co.kr/products/399072387,2026-05-11 10:29,레노버 legion y25g-30 게이밍 모니터 360hz 찐싱크,,,UNKNOWN,N,,SALE,,,,,UNKNOWN
모니터,번개장터,407357644,중고컴퓨터  사무용 본체  모니터  16만원,160000,판매중,,https://media.bunjang.co.kr/product/407357644_1_1778463067_w{res}.jpg,https://m.bunjang.co.kr/products/407357644,2026-05-11 10:29,중고컴퓨터 사무용 본체 모니터 16만원,,,desktop,N,,SALE,,,,,UNKNOWN
모니터,번개장터,201084878,LG 34WN750 34인치 WQHD 울트라와이드 모니터,350000,판매중,,https://media.bunjang.co.kr/product/201084878_1_1753831303_w{res}.jpg,https://m.bunjang.co.kr/products/201084878,2026-05-11 10:26,lg 34wn750 34인치 wqhd 울트라와이드 모니터,,,UNKNOWN,N,,SALE,,,,,UNKNOWN
모니터,번개장터,399859906,DELL U2719DC 27인치 모니터(A/A-급),180000,판매중,,https://media.bunjang.co.kr/product/399859906_1_1775468808_w{res}.jpg,https://m.bunjang.co.kr/products/399859906,2026-05-11 10:17,dell u2719dc 27인치 모니터(a/a-급),,,UNKNOWN,N,,SALE,,,,,UNKNOWN
모니터,번개장터,398933992,DELL U2721DE 27인치 모니터(A-급),170000,판매중,,https://media.bunjang.co.kr/product/398933992_1_1775124500_w{res}.jpg,https://m.bunjang.co.kr/products/398933992,2026-05-11 10:17,dell u2721de 27인치 모니터(a-급),,,UNKNOWN,N,,SALE,,,,,UNKNOWN
모니터,번개장터,390192179,사무용 LG 24인치 중고 모니터 FPS 중고 게이밍,65000,판매중,,https://media.bunjang.co.kr/product/390192179_1_1771660797_w{res}.jpg,https://m.bunjang.co.kr/products/390192179,2026-05-11 10:17,사무용 lg 24인치 중고 모니터 fps 중고 게이밍,,,UNKNOWN,N,,SALE,,,,,UNKNOWN
모니터,번개장터,394566586,DELL U2715HC 27인치 모니터,80000,판매중,,https://media.bunjang.co.kr/product/394566586_1_1775123412_w{res}.jpg,https://m.bunjang.co.kr/products/394566586,2026-05-11 10:17,dell u2715hc 27인치 모니터,,,UNKNOWN,N,,SALE,,,,,UNKNOWN
모니터,번개장터,390192922,32인치 게이밍 사무용 평면 모니터 가성비,174500,판매중,,https://media.bunjang.co.kr/product/390192922_1_1771660767_w{res}.jpg,https://m.bunjang.co.kr/products/390192922,2026-05-11 10:17,32인치 게이밍 사무용 평면 모니터 가성비,,,UNKNOWN,N,,SALE,,,,,UNKNOWN
모니터,번개장터,390192427,사무용 게임용 27인치 중고 모니터 보고 가세요!,85000,판매중,,https://media.bunjang.co.kr/product/390192427_1_1771488379_w{res}.jpg,https://m.bunjang.co.kr/products/390192427,2026-05-11 10:17,사무용 게임용 27인치 중고 모니터 보고 가세요!,,,UNKNOWN,N,,SALE,,,,,UNKNOWN
모니터,번개장터,407356039,DELL P2419H 24인치 모니터 개발자용피벗모니터,88000,판매중,,https://media.bunjang.co.kr/product/407356039_1_1778462211_w{res}.jpg,https://m.bunjang.co.kr/products/407356039,2026-05-11 10:16,dell p2419h 24인치 모니터 개발자용피벗모니터,,,UNKNOWN,N,,SALE,,,,,UNKNOWN
모니터,번개장터,394721720,lg 4k 모니터 아답타 어뎁터,30000,판매중,,https://media.bunjang.co.kr/product/394721720_1_1777630588_w{res}.jpg,https://m.bunjang.co.kr/products/394721720,2026-05-11 10:15,lg 4k 모니터 아답타 어뎁터,,,UNKNOWN,N,,SALE,,,,,UNKNOWN
모니터,번개장터,401785243,델모니터 가로세로 피벗 스탠드,5000,판매중,,https://media.bunjang.co.kr/product/401785243_1_1777630628_w{res}.jpg,https://m.bunjang.co.kr/products/401785243,2026-05-11 10:14,델모니터 가로세로 피벗 스탠드,,,UNKNOWN,N,,SALE,,,,,UNKNOWN
모니터,번개장터,407355483,크로스오버 Z320165 32인치 게이밍모니터,100000,판매중,,https://media.bunjang.co.kr/product/407355483_1_1778461910_w{res}.jpg,https://m.bunjang.co.kr/products/407355483,2026-05-11 10:11,크로스오버 z320165 32인치 게이밍모니터,,,UNKNOWN,N,,SALE,,,,,UNKNOWN
모니터,번개장터,205280400,삼성 65인치 4K 스마트 TV 특가한정판매  !,790000,판매중,,https://media.bunjang.co.kr/product/205280400_1_1750157431_w{res}.jpg,https://m.bunjang.co.kr/products/205280400,2026-05-11 10:08,삼성 65인치 4k 스마트 tv 특가한정 !,,,UNKNOWN,N,,SALE,,,,,UNKNOWN
모니터,번개장터,205280665,삼성 70인치 4K 스마트 TV 특가한정판매  !,890000,판매중,,https://media.bunjang.co.kr/product/205280665_1_1771143880_w{res}.jpg,https://m.bunjang.co.kr/products/205280665,2026-05-11 10:08,삼성 70인치 4k 스마트 tv 특가한정 !,,,UNKNOWN,N,,SALE,,,,,UNKNOWN
모니터,번개장터,206598507,삼성 75인치 4K 스마트 TV 특가한정판매  !,1090000,판매중,,https://media.bunjang.co.kr/product/206598507_1_1762847453_w{res}.jpg,https://m.bunjang.co.kr/products/206598507,2026-05-11 10:08,삼성 75인치 4k 스마트 tv 특가한정 !,,,UNKNOWN,N,,SALE,,,,,UNKNOWN
모니터,번개장터,206605258,삼성 85인치 4K 스마트 TV 특가한정판매  !,1290000,판매중,,https://media.bunjang.co.kr/product/206605258_1_1762847436_w{res}.jpg,https://m.bunjang.co.kr/products/206605258,2026-05-11 10:08,삼성 85인치 4k 스마트 tv 특가한정 !,,,UNKNOWN,N,,SALE,,,,,UNKNOWN
모니터,번개장터,405874981,벤큐 pd2705u 4k 전문가용 모니터,300000,판매중,,https://media.bunjang.co.kr/product/405874981_1_1778132289_w{res}.jpg,https://m.bunjang.co.kr/products/405874981,2026-05-11 10:03,벤큐 pd2705u 4k 전문가용 모니터,,,UNKNOWN,N,,SALE,,,,,UNKNOWN
모니터,번개장터,344844127,벤큐2720 벤큐2740  게이밍모니터  최저가,135000,판매중,,https://media.bunjang.co.kr/product/344844127_1_1764330331_w{res}.jpg,https://m.bunjang.co.kr/products/344844127,2026-05-11 10:03,벤큐2720 벤큐2740 게이밍모니터 최저가,,,UNKNOWN,N,,SALE,,,,,UNKNOWN
모니터,번개장터,404823133,삼성 모니터 27인치 S27F350FHK 2020년식,100000,판매중,,https://media.bunjang.co.kr/product/404823133_1_1777467457_w{res}.jpg,https://m.bunjang.co.kr/products/404823133,2026-05-11 10:00,삼성 모니터 27인치 s27f350fhk 2020년식,,,UNKNOWN,N,,SALE,,,,,UNKNOWN
모니터,번개장터,400486836,벤큐 QHD 프로디자이너 모니터(PD2705Q),320000,판매중,,https://media.bunjang.co.kr/product/400486836_1_1775732310_w{res}.jpg,https://m.bunjang.co.kr/products/400486836,2026-05-11 10:00,벤큐 qhd 프로디자이너 모니터(pd2705q),,,UNKNOWN,N,,SALE,,,,,UNKNOWN
모니터,번개장터,402679949,유디아 25인치 165Hz 게이밍 모니터,100000,판매중,,https://media.bunjang.co.kr/product/402679949_1_1776584848_w{res}.jpg,https://m.bunjang.co.kr/products/402679949,2026-05-11 10:00,유디아 25인치 165hz 게이밍 모니터,,,UNKNOWN,N,,SALE,,,,,UNKNOWN
모니터,번개장터,387553540,삼성 S27H650(피벗) 모니터 27인치,129000,판매중,,https://media.bunjang.co.kr/product/387553540_1_1770388477_w{res}.jpg,https://m.bunjang.co.kr/products/387553540,2026-05-11 10:00,삼성 s27h650(피벗) 모니터 27인치,,,UNKNOWN,N,,SALE,,,,,UNKNOWN
모니터,번개장터,359212052,알파스캔 AOC 144Hz IPS패널 모니터 풀박스,149000,판매중,,https://media.bunjang.co.kr/product/359212052_1_1759026934_w{res}.jpg,https://m.bunjang.co.kr/products/359212052,2026-05-11 10:00,알파스캔 aoc 144hz ips패널 모니터 스,,,UNKNOWN,N,,SALE,,,,,UNKNOWN
모니터,번개장터,401311135,빅트랙 27인치 FHD 200Hz 게이밍 모니터,119000,판매중,,https://media.bunjang.co.kr/product/401311135_1_1776059138_w{res}.jpg,https://m.bunjang.co.kr/products/401311135,2026-05-11 10:00,빅트랙 27인치 fhd 200hz 게이밍 모니터,,,UNKNOWN,N,,SALE,,,,,UNKNOWN
모니터,번개장터,394611475,27인치 게이밍 모니터 MSI MAG273R 144 무결점 IPS 모니터,140000,판매중,,https://media.bunjang.co.kr/product/394611475_1_1773233190_w{res}.jpg,https://m.bunjang.co.kr/products/394611475,2026-05-11 10:00,27인치 게이밍 모니터 msi mag273r 144 무결점 ips 모니터,,,UNKNOWN,N,,SALE,,,,,UNKNOWN
모니터,번개장터,401577103,Bmw F30 nbt 모니터,60000,판매중,,https://media.bunjang.co.kr/product/401577103_1_1776850974_w{res}.jpg,https://m.bunjang.co.kr/products/401577103,2026-05-11 09:59,bmw f30 nbt 모니터,,,UNKNOWN,N,,SALE,,,,,UNKNOWN
모니터,번개장터,387177717,부품용 모니터 3대 - 개별판매 가능,12000,판매중,,https://media.bunjang.co.kr/product/387177717_1_1772154193_w{res}.jpg,https://m.bunjang.co.kr/products/387177717,2026-05-11 09:34,부품용 모니터 3대 - 개별 가능,,,PARTS,Y,,SALE,,,,,UNKNOWN
모니터,번개장터,405534562,LG 스마트모니터 스윙 32U889SAW 32인치4K UHD TV 팝니다,810000,판매중,,https://media.bunjang.co.kr/product/405534562_1_1778459109_w{res}.jpg,https://m.bunjang.co.kr/products/405534562,2026-05-11 09:25,lg 스마트모니터 스윙 32u889saw 32인치4k uhd tv,,,UNKNOWN,N,,SALE,,,,,UNKNOWN
모니터,번개장터,406723293,LG스마트모니터스윙 TV 32u889saw 미개봉새제품,860000,판매중,,https://media.bunjang.co.kr/product/406723293_1_1778211444_w{res}.jpg,https://m.bunjang.co.kr/products/406723293,2026-05-11 09:21,lg스마트모니터스윙 tv 32u889saw 새제품,,,UNKNOWN,N,,SALE,,,,,UNKNOWN
모니터,번개장터,341278810,HP E232 23형 LED 모니터  피봇/HDMI/RGB/DP 모니터,35000,판매중,,https://media.bunjang.co.kr/product/341278810_1_1776655453_w{res}.jpg,https://m.bunjang.co.kr/products/341278810,2026-05-11 09:19,hp e232 23형 led 모니터 피봇/hdmi/rgb/dp 모니터,,,UNKNOWN,N,,SALE,,,,,UNKNOWN
모니터,번개장터,397750442,[구해요] 펠로우즈 듀얼 모니터암,120000,판매중,,https://media.bunjang.co.kr/product/397750442_1_1774610327_w{res}.jpg,https://m.bunjang.co.kr/products/397750442,2026-05-11 09:07,[구해요] 펠로우즈 듀얼 모니터암,,,UNKNOWN,N,,SALE,,,,,UNKNOWN
모니터,번개장터,404741450,스톤힐 모니터 받침대,10000,판매중,,https://media.bunjang.co.kr/product/404741450_1_1777445423_w{res}.jpg,https://m.bunjang.co.kr/products/404741450,2026-05-11 09:03,스톤힐 모니터 받침대,,,UNKNOWN,N,,SALE,,,,,UNKNOWN
모니터,번개장터,402837989,최고급 12인치모니터전용스피커 무대모니터스피커 모니터스피커 400w,318000,판매중,,https://media.bunjang.co.kr/product/402837989_1_1778194193_w{res}.jpg,https://m.bunjang.co.kr/products/402837989,2026-05-11 09:00,최고급 12인치모니터전용스피커 무대모니터스피커 모니터스피커 400w,,,UNKNOWN,N,,SALE,,,,,UNKNOWN
모니터,번개장터,394874582,최고급 12인치모니터전용스피커 무대모니터스피커 고급형,298000,판매중,,https://media.bunjang.co.kr/product/394874582_1_1778194222_w{res}.jpg,https://m.bunjang.co.kr/products/394874582,2026-05-11 09:00,최고급 12인치모니터전용스피커 무대모니터스피커 고급형,,,UNKNOWN,N,,SALE,,,,,UNKNOWN
모니터,번개장터,394500146,bts 방탄소년단 공식 굿즈 타이니탄 모니터피규어,5000,판매중,,https://media.bunjang.co.kr/product/394500146_1_1773195171_w{res}.jpg,https://m.bunjang.co.kr/products/394500146,2026-05-11 08:49,bts 방탄소년단 공식 굿즈 타이니탄 모니터피규어,,,UNKNOWN,N,,SALE,,,,,UNKNOWN
모니터,번개장터,380805600,카카오프렌즈 모니터 방향제 리필 3.5ml,1200,판매중,,https://media.bunjang.co.kr/product/380805600_1_1774707562_w{res}.jpg,https://m.bunjang.co.kr/products/380805600,2026-05-11 08:40,카카오프렌즈 모니터 방향제 리필 3.5ml,,,UNKNOWN,N,,SALE,,,,,UNKNOWN
모니터,번개장터,337746158,씨스콜 수신기 모니터 SR-A310,30000,판매중,,https://media.bunjang.co.kr/product/337746158_1_1763173257_w{res}.jpg,https://m.bunjang.co.kr/products/337746158,2026-05-11 08:38,씨스콜 수신기 모니터 sr-a310,,,UNKNOWN,N,,SALE,,,,,UNKNOWN
모니터,번개장터,140529613,컴퓨터 모니터 미개봉    ViewSy24인치 100hz 대성글로벌,72000,판매중,,https://media.bunjang.co.kr/product/140529613_1_1773032354_w{res}.jpg,https://m.bunjang.co.kr/products/140529613,2026-05-11 08:35,컴퓨터 모니터 viewsy24인치 100hz 대성글로벌,,,desktop,N,,SALE,,,,,UNKNOWN
모니터,번개장터,401472769,모니터27인치 에이메카 AM 270LP 광시야각 144  무결점 업그레,110000,판매중,,https://media.bunjang.co.kr/product/401472769_1_1776130302_w{res}.jpg,https://m.bunjang.co.kr/products/401472769,2026-05-11 08:35,모니터27인치 에이메카 am 270lp 광시야각 144 무결점 업그레,,,UNKNOWN,N,,SALE,,,,,UNKNOWN
모니터,번개장터,402637333,모니터27인치 에이메카 AM-270LP 광시야각 144hz  무결점 업그,110000,판매중,,https://media.bunjang.co.kr/product/402637333_1_1777032818_w{res}.jpg,https://m.bunjang.co.kr/products/402637333,2026-05-11 08:35,모니터27인치 에이메카 am-270lp 광시야각 144hz 무결점 업그,,,UNKNOWN,N,,SALE,,,,,UNKNOWN
모니터,번개장터,375384141,삼성 모니터 스탠드,10000,판매중,,https://media.bunjang.co.kr/product/375384141_1_1766051919_w{res}.jpg,https://m.bunjang.co.kr/products/375384141,2026-05-11 08:31,삼성 모니터 스탠드,,,UNKNOWN,N,,SALE,,,,,UNKNOWN
모니터,번개장터,402662251,부품용)camel 27인치 모니터,15000,판매중,,https://media.bunjang.co.kr/product/402662251_1_1778285375_w{res}.jpg,https://m.bunjang.co.kr/products/402662251,2026-05-11 08:31,부품용)camel 27인치 모니터,,,PARTS,Y,,SALE,,,,,UNKNOWN
모니터,번개장터,407345485,Kali Audio LP6v2 화이트 1조 모니터링 스피커,500000,판매중,,https://media.bunjang.co.kr/product/407345485_1_1778495923_w{res}.jpg,https://m.bunjang.co.kr/products/407345485,2026-05-11 08:20,kali audio lp6v2 화이트 1조 모니터링 스피커,,,UNKNOWN,N,,SALE,,,,,UNKNOWN
모니터,번개장터,295690009,필립스  화이트 모니터 팝니다!!!,150000,판매중,,https://media.bunjang.co.kr/product/295690009_1_1729500229_w{res}.jpg,https://m.bunjang.co.kr/products/295690009,2026-05-11 08:20,필립스 화이트 모니터 !!!,,,UNKNOWN,N,,SALE,,,,,UNKNOWN
모니터,번개장터,407344536,ADAM A8H 아담 모니터스피커 모니터링스피커 1조 판매합니다,3600000,판매중,,https://media.bunjang.co.kr/product/407344536_1_1778454358_w{res}.jpg,https://m.bunjang.co.kr/products/407344536,2026-05-11 08:05,adam a8h 아담 모니터스피커 모니터링스피커 1조,,,UNKNOWN,N,,SALE,,,,,UNKNOWN
모니터,번개장터,152003307,커즈와일 KS40PRO 모니터 스피커,140000,판매중,,https://media.bunjang.co.kr/product/152003307_1_1764849675_w{res}.jpg,https://m.bunjang.co.kr/products/152003307,2026-05-11 08:04,커즈와일 ks40pro 모니터 스피커,,,UNKNOWN,N,,SALE,,,,,UNKNOWN
모니터,번개장터,202496848,최신 삼성 55인치 UHD 스마트 TV 특가한정판매!,590000,판매중,,https://media.bunjang.co.kr/product/202496848_1_1762823058_w{res}.jpg,https://m.bunjang.co.kr/products/202496848,2026-05-11 08:04,최신 삼성 55인치 uhd 스마트 tv 특가한정!,,,UNKNOWN,N,,SALE,,,,,UNKNOWN
모니터,번개장터,391763454,폭스바겐 골프7세대 avn오디오모니터 5G0 919 606C,150000,판매중,,https://media.bunjang.co.kr/product/391763454_1_1772093310_w{res}.jpg,https://m.bunjang.co.kr/products/391763454,2026-05-11 07:58,폭스바겐 골프7세대 avn오디오모니터 5g0 919 606c,,,UNKNOWN,N,,SALE,,,,,UNKNOWN
모니터,번개장터,401051084,커브드 모니터 27인치(한성컴퓨터),95000,판매중,,https://media.bunjang.co.kr/product/401051084_1_1777165484_w{res}.jpg,https://m.bunjang.co.kr/products/401051084,2026-05-11 07:57,커브드 모니터 27인치(한성컴퓨터),,,desktop,N,,SALE,,,,,UNKNOWN
모니터,번개장터,278791355,lg모니터 24mp58vq 메인보드,20000,판매중,,https://media.bunjang.co.kr/product/278791355_1_1774433975_w{res}.jpg,https://m.bunjang.co.kr/products/278791355,2026-05-11 07:50,lg모니터 24mp58vq 메인보드,,,PARTS,Y,,SALE,,,,,UNKNOWN
모니터,번개장터,406266960,BenQ 벤큐 270S 모니터,1330000,판매중,,https://media.bunjang.co.kr/product/406266960_1_1778453415_w{res}.jpg,https://m.bunjang.co.kr/products/406266960,2026-05-11 07:49,benq 벤큐 270s 모니터,,,UNKNOWN,N,,SALE,,,,,UNKNOWN
모니터,번개장터,336227846,포스뱅크E2-POS 중고포스기 배달용POS 터치모니터 주문용오더포스기,90000,판매중,,https://media.bunjang.co.kr/product/336227846_1_1748479840_w{res}.jpg,https://m.bunjang.co.kr/products/336227846,2026-05-11 07:40,포스뱅크e2-pos 중고포스기 배달용pos 터치모니터 주문용오더포스기,,,UNKNOWN,N,,SALE,,,,,UNKNOWN
모니터,번개장터,277255910,카페 마트 식당사용 아펙사G 중고포스기 고사양 POS 15인치 터치모니터,195000,판매중,,https://media.bunjang.co.kr/product/277255910_1_1778465483_w{res}.jpg,https://m.bunjang.co.kr/products/277255910,2026-05-11 07:40,카페 마트 식당사용 아펙사g 중고포스기 고사양 pos 15인치 터치모니터,,,UNKNOWN,N,,SALE,,,,,UNKNOWN
모니터,번개장터,385491238,E70 E71 E72 바디 X5 X6 순정모니터,100000,판매중,,https://media.bunjang.co.kr/product/385491238_1_1769611200_w{res}.jpg,https://m.bunjang.co.kr/products/385491238,2026-05-11 07:34,e70 e71 e72 바디 x5 x6 순정모니터,,,UNKNOWN,N,,SALE,,,,,UNKNOWN
모니터,번개장터,297159744,삼성 모니터 아답터 ap04914-uv 판매합니다,10000,판매중,,https://media.bunjang.co.kr/product/297159744_1_1769786451_w{res}.jpg,https://m.bunjang.co.kr/products/297159744,2026-05-11 07:31,삼성 모니터 아답터 ap04914-uv,,,UNKNOWN,N,,SALE,,,,,UNKNOWN
모니터,번개장터,379502128,에이서 프레데터 게이밍 모니터 32인치 4k 144hz 판매합니다,500000,판매중,,https://media.bunjang.co.kr/product/379502128_1_1769436959_w{res}.jpg,https://m.bunjang.co.kr/products/379502128,2026-05-11 07:21,에이서 프레데터 게이밍 모니터 32인치 4k 144hz,,,UNKNOWN,N,,SALE,,,,,UNKNOWN
모니터,번개장터,306709834,순정벤츠후석모니터2개/상태최상/호환많음,200000,판매중,,https://media.bunjang.co.kr/product/306709834_1_1760308013_w{res}.jpg,https://m.bunjang.co.kr/products/306709834,2026-05-11 07:15,순정벤츠후석모니터2개/상태최상/호환많음,,,UNKNOWN,N,,SALE,,,,,UNKNOWN
모니터,번개장터,405303543,풀고사양 하이엔드급 PC 본체 모니터 키보드 마우스 풀셋 판매합니다 싸게,3200000,판매중,,https://media.bunjang.co.kr/product/405303543_1_1777685333_w{res}.jpg,https://m.bunjang.co.kr/products/405303543,2026-05-11 07:14,풀고사양 하이엔드급 pc 본체 모니터 키보드 마우스 풀셋 싸게,,,desktop,N,,SALE,,,,,UNKNOWN
모니터,번개장터,297244184,소니 유선 모니터링 헤드폰 팝니다,200000,판매중,,https://media.bunjang.co.kr/product/297244184_1_1747614686_w{res}.jpg,https://m.bunjang.co.kr/products/297244184,2026-05-11 07:00,소니 유선 모니터링 헤드폰,,,UNKNOWN,N,,SALE,,,,,UNKNOWN
모니터,번개장터,174821247,32인치 삼성 모니터 TV 팝니다,300000,판매중,,https://media.bunjang.co.kr/product/174821247_1_1730215997_w{res}.jpg,https://m.bunjang.co.kr/products/174821247,2026-05-11 07:00,32인치 삼성 모니터 tv,,,UNKNOWN,N,,SALE,,,,,UNKNOWN
모니터,번개장터,347869979,벤큐 모니터  (23.8인치),80000,판매중,,https://media.bunjang.co.kr/product/347869979_1_1754300043_w{res}.jpg,https://m.bunjang.co.kr/products/347869979,2026-05-11 06:55,벤큐 모니터 (23.8인치),,,UNKNOWN,N,,SALE,,,,,UNKNOWN
모니터,번개장터,407335267,듀얼 와이드 LED 스탠드 조명 화이트 클램프 리모콘 모니터 독서등,45000,판매중,,https://media.bunjang.co.kr/product/407335267_1_1778441331_w{res}.jpg,https://m.bunjang.co.kr/products/407335267,2026-05-11 04:28,듀얼 와이드 led 스탠드 조명 화이트 클램프 리모콘 모니터 독서등,,,UNKNOWN,N,,SALE,,,,,UNKNOWN
모니터,번개장터,407331659,Focal Alpha 50 EVO 모니터 스피커 1조,550000,판매중,,https://media.bunjang.co.kr/product/407331659_1_1778438858_w{res}.jpg,https://m.bunjang.co.kr/products/407331659,2026-05-11 03:47,focal alpha 50 evo 모니터 스피커 1조,,,UNKNOWN,N,,SALE,,,,,UNKNOWN
모니터,번개장터,407331148,한성컴퓨터 TFG27F30V 27인치 커브드 모니터,120000,판매중,,https://media.bunjang.co.kr/product/407331148_1_1778438556_w{res}.jpg,https://m.bunjang.co.kr/products/407331148,2026-05-11 03:42,한성컴퓨터 tfg27f30v 27인치 커브드 모니터,,,desktop,N,,SALE,,,,,UNKNOWN
모니터,번개장터,397802005,lg 울트라기어 게이밍 모니터 32gs95ue,1000000,판매중,,https://media.bunjang.co.kr/product/397802005_1_1778233757_w{res}.jpg,https://m.bunjang.co.kr/products/397802005,2026-05-11 03:41,lg 울트라기어 게이밍 모니터 32gs95ue,,,UNKNOWN,N,,SALE,,,,,UNKNOWN
모니터,번개장터,402110160,삼성 23인치 TV 모니터,50000,판매중,,https://media.bunjang.co.kr/product/402110160_1_1778391546_w{res}.jpg,https://m.bunjang.co.kr/products/402110160,2026-05-11 03:05,삼성 23인치 tv 모니터,,,UNKNOWN,N,,SALE,,,,,UNKNOWN
모니터,번개장터,402077107,베리즈 므메미무 모니터 피규어 + 베이비 마그넷 세트,82000,판매중,,https://media.bunjang.co.kr/product/402077107_1_1776522793_w{res}.jpg,https://m.bunjang.co.kr/products/402077107,2026-05-11 02:00,베리즈 므메미무 모니터 피규어 + 베이비 마그넷 세트,,,UNKNOWN,N,,SALE,,,,,UNKNOWN
모니터,번개장터,218129080,"bt21 , baby bt21 모니터 피규어 총14종 일괄판매",50000,판매중,,https://media.bunjang.co.kr/product/218129080_1_1760724689_w{res}.jpg,https://m.bunjang.co.kr/products/218129080,2026-05-11 01:51,"bt21 , baby bt21 모니터 피규어 총14종 일괄",,,UNKNOWN,N,,SALE,,,,,UNKNOWN
모니터,번개장터,381870454,13.3인치 OLED 휴대용 모니터 ㅡ미개공,175000,판매중,,https://media.bunjang.co.kr/product/381870454_1_1775468640_w{res}.jpg,https://m.bunjang.co.kr/products/381870454,2026-05-11 01:20,13.3인치 oled 휴대용 모니터 ㅡ미개공,,,UNKNOWN,N,,SALE,,,,,UNKNOWN
모니터,번개장터,405809649,34인치 커브드 와이드 게이밍 모니터,230000,판매중,,https://media.bunjang.co.kr/product/405809649_1_1777853433_w{res}.jpg,https://m.bunjang.co.kr/products/405809649,2026-05-11 00:49,34인치 커브드 와이드 게이밍 모니터,,,UNKNOWN,N,,SALE,,,,,UNKNOWN
모니터,번개장터,368907681,데스크탑 피규어 디스플레이 케이스 모니터 받침대,24000,판매중,,https://media.bunjang.co.kr/product/368907681_1_1772522252_w{res}.jpg,https://m.bunjang.co.kr/products/368907681,2026-05-11 00:38,데스크탑 피규어 디스플레이 케이스 모니터 받침대,,,CASE,Y,,SALE,,,,,UNKNOWN
모니터,번개장터,353684940,[미사용] 삼성 번들 DVI to DVI 케이블 1.5m,1000,판매중,,https://media.bunjang.co.kr/product/353684940_1_1776696918_w{res}.jpg,https://m.bunjang.co.kr/products/353684940,2026-05-11 00:30,[미사용] 삼성 번들 dvi to dvi 케이블 1.5m,,,CABLE,Y,,SALE,,,,,UNKNOWN
모니터,번개장터,399839732,이홈웨이 듀얼모니터 XP-142NW,399000,판매중,,https://media.bunjang.co.kr/product/399839732_1_1777687331_w{res}.jpg,https://m.bunjang.co.kr/products/399839732,2026-05-11 00:15,이홈웨이 듀얼모니터 xp-142nw,,,UNKNOWN,N,,SALE,,,,,UNKNOWN
모니터,번개장터,405864476,데코니나 DECO27 모니터링 뮤비 MV 아크릴챰 키링 가챠 캡슐 반다이,15000,판매중,,https://media.bunjang.co.kr/product/405864476_1_1777879994_w{res}.jpg,https://m.bunjang.co.kr/products/405864476,2026-05-11 00:06,데코니나 deco27 모니터링 뮤비 mv 아크릴챰 키링 가챠 캡슐 반다이,,,UNKNOWN,N,,SALE,,,,,UNKNOWN
모니터,번개장터,404815897,LG전자 27MP37VQ 광시야각 FHD 27인치 모니터,110000,판매중,,https://media.bunjang.co.kr/product/404815897_1_1778425537_w{res}.jpg,https://m.bunjang.co.kr/products/404815897,2026-05-11 00:05,lg전자 27mp37vq 광시야각 fhd 27인치 모니터,,,UNKNOWN,N,,SALE,,,,,UNKNOWN
모니터,번개장터,404609333,델 24인치 피벗 모니터 u2412mb,50000,판매중,,https://media.bunjang.co.kr/product/404609333_1_1778425528_w{res}.jpg,https://m.bunjang.co.kr/products/404609333,2026-05-11 00:05,델 24인치 피벗 모니터 u2412mb,,,UNKNOWN,N,,SALE,,,,,UNKNOWN
모니터,번개장터,167168634,AHD모니터&화물카메라 세트(할인가),140000,판매중,,https://media.bunjang.co.kr/product/167168634_1_1729432928_w{res}.jpg,https://m.bunjang.co.kr/products/167168634,2026-05-11 00:05,ahd모니터&화물카메라 세트(할인가),,,UNKNOWN,N,,SALE,,,,,UNKNOWN
모니터,번개장터,390751176,플레이브 교환 베이비인형(미므) <-> 므메미무 모니터 피규어,25000,판매중,,https://media.bunjang.co.kr/product/390751176_1_1772297295_w{res}.jpg,https://m.bunjang.co.kr/products/390751176,2026-05-11 00:03,플레이브 교환 베이비인형(미므) <-> 므메미무 모니터 피규어,,,UNKNOWN,N,,SALE,,,,,UNKNOWN
모니터,번개장터,377425079,치이카와 풍뎅이 데스크탑 데스크톱 모니터 인형,29780,판매중,,https://media.bunjang.co.kr/product/377425079_1_1770976357_w{res}.jpg,https://m.bunjang.co.kr/products/377425079,2026-05-10 23:59,치이카와 풍뎅이 데스크탑 데스크톱 모니터 인형,,,desktop,N,,SALE,,,,,UNKNOWN
모니터,번개장터,311270319,lg커브드모니터,35000,판매중,,https://media.bunjang.co.kr/product/311270319_1_1766504532_w{res}.jpg,https://m.bunjang.co.kr/products/311270319,2026-05-10 23:57,lg커브드모니터,,,UNKNOWN,N,,SALE,,,,,UNKNOWN
모니터,번개장터,381545943,나무 모니터받침대 (2단) 2개 세트,20000,판매중,,https://media.bunjang.co.kr/product/381545943_1_1772359604_w{res}.jpg,https://m.bunjang.co.kr/products/381545943,2026-05-10 23:55,나무 모니터받침대 (2단) 2개 세트,,,UNKNOWN,N,,SALE,,,,,UNKNOWN
모니터,번개장터,407296775,한성 27인치 커보드 모니터(패널고장),20000,판매중,,https://media.bunjang.co.kr/product/407296775_1_1778552327_w{res}.jpg,https://m.bunjang.co.kr/products/407296775,2026-05-10 23:33,한성 27인치 커보드 모니터(패널고장),,,PARTS,Y,,SALE,,,,,UNKNOWN
모니터,번개장터,407295793,시사 모니터 피규어,2000,판매중,,https://media.bunjang.co.kr/product/407295793_1_1778423317_w{res}.jpg,https://m.bunjang.co.kr/products/407295793,2026-05-10 23:28,시사 모니터 피규어,,,UNKNOWN,N,,SALE,,,,,UNKNOWN
모니터,번개장터,314135273,국립공원 산솜다리 반달이 모니터 걸이,20000,판매중,,https://media.bunjang.co.kr/product/314135273_1_1738057413_w{res}.jpg,https://m.bunjang.co.kr/products/314135273,2026-05-10 23:27,국립공원 산솜다리 반달이 모니터 걸이,,,UNKNOWN,N,,SALE,,,,,UNKNOWN
모니터,번개장터,395379207,보인 BDM-22 듀얼 탁상형 모니터 스탠드팝니다.,10000,판매중,,https://media.bunjang.co.kr/product/395379207_1_1773578576_w{res}.jpg,https://m.bunjang.co.kr/products/395379207,2026-05-10 23:23,보인 bdm-22 듀얼 탁상형 모니터 스탠드.,,,UNKNOWN,N,,SALE,,,,,UNKNOWN
모니터,번개장터,395378304,보인 BDM-22 듀얼 탁상형 모니터 스탠드팝니다.,25000,판매중,,https://media.bunjang.co.kr/product/395378304_1_1773578365_w{res}.jpg,https://m.bunjang.co.kr/products/395378304,2026-05-10 23:22,보인 bdm-22 듀얼 탁상형 모니터 스탠드.,,,UNKNOWN,N,,SALE,,,,,UNKNOWN
모니터,번개장터,407293138,필립스 32M2N8800 4K OLED 모니터 팝니다.,800000,판매중,,https://media.bunjang.co.kr/product/407293138_1_1778578511_w{res}.jpg,https://m.bunjang.co.kr/products/407293138,2026-05-10 23:14,필립스 32m2n8800 4k oled 모니터 .,,,UNKNOWN,N,,SALE,,,,,UNKNOWN
모니터,번개장터,403237311,사생활 정보보호 모니터용 거치식 보안필름 시력보호 UV차단 눈시림,17000,판매중,,https://media.bunjang.co.kr/product/403237311_1_1778422003_w{res}.jpg,https://m.bunjang.co.kr/products/403237311,2026-05-10 23:06,사생활 정보보호 모니터용 거치식 보안필름 시력보호 uv차단 눈시림,,,FILM,Y,,SALE,,,,,UNKNOWN
모니터,번개장터,407290174,LG 27인치 4K IPS 모니터 27UL550,180000,판매중,,https://media.bunjang.co.kr/product/407290174_1_1778421614_w{res}.jpg,https://m.bunjang.co.kr/products/407290174,2026-05-10 22:59,lg 27인치 4k ips 모니터 27ul550,,,UNKNOWN,N,,SALE,,,,,UNKNOWN
모니터,번개장터,407281127,먼작귀 모니터 피규어 밤만쥬,3500,판매중,,https://media.bunjang.co.kr/product/407281127_1_1778420075_w{res}.jpg,https://m.bunjang.co.kr/products/407281127,2026-05-10 22:14,먼작귀 모니터 피규어 밤만쥬,,,UNKNOWN,N,,SALE,,,,,UNKNOWN
모니터,번개장터,407280544,치이카와 모니터피규어,4000,판매중,,https://media.bunjang.co.kr/product/407280544_1_1778425227_w{res}.jpg,https://m.bunjang.co.kr/products/407280544,2026-05-10 22:11,치이카와 모니터피규어,,,UNKNOWN,N,,SALE,,,,,UNKNOWN
모니터,번개장터,396294411,컴퓨터 CPU E7200~E8400 Q6600~Q8400 100개 일괄,200000,판매중,,https://media.bunjang.co.kr/product/396294411_1_1774658935_w{res}.jpg,https://m.bunjang.co.kr/products/396294411,2026-05-10 22:08,컴퓨터 cpu e7200~e8400 q6600~q8400 100개 일괄,,,desktop,N,,SALE,,,,,UNKNOWN
모니터,번개장터,391341360,손바닥 컴퓨터 pc 모니터 키보드 노트북 타블렛 미니어쳐 가챠 뽑기,20000,판매중,,https://media.bunjang.co.kr/product/391341360_1_1771921845_w{res}.jpg,https://m.bunjang.co.kr/products/391341360,2026-05-10 22:00,손바닥 컴퓨터 pc 모니터 키보드 노트북 타블렛 미니어쳐 가챠 뽑기,,,laptop,N,,SALE,,,,,UNKNOWN
모니터,번개장터,407276950,삼성 모니터 스탠드 거치대 판매합니다,8000,판매중,,https://media.bunjang.co.kr/product/407276950_1_1778417656_w{res}.jpg,https://m.bunjang.co.kr/products/407276950,2026-05-10 21:54,삼성 모니터 스탠드 거치대,,,STAND,Y,,SALE,,,,,UNKNOWN
모니터,번개장터,401718940,알파플랜 모니터암 블랙,30000,판매중,,https://media.bunjang.co.kr/product/401718940_1_1776222743_w{res}.jpg,https://m.bunjang.co.kr/products/401718940,2026-05-10 21:42,알파플랜 모니터암 블랙,,,UNKNOWN,N,,SALE,,,,,UNKNOWN
모니터,번개장터,364679660,[미개봉] 쿵야 샐러리쿵야 모니터 피규어 판매,7000,판매중,,https://media.bunjang.co.kr/product/364679660_1_1767696282_w{res}.jpg,https://m.bunjang.co.kr/products/364679660,2026-05-10 21:40,[] 쿵야 샐러리쿵야 모니터 피규어,,,UNKNOWN,N,,SALE,,,,,UNKNOWN
모니터,번개장터,346395251,"원신pc라운지 랜덤 모니터 아크릴스탠드 라이덴,요이미야",15000,판매중,,https://media.bunjang.co.kr/product/346395251_1_1770612127_w{res}.jpg,https://m.bunjang.co.kr/products/346395251,2026-05-10 21:39,"원신pc라운지 랜덤 모니터 아크릴스탠드 라이덴,요이미야",,,desktop,N,,SALE,,,,,UNKNOWN
모니터,번개장터,407271871,벤큐 모니터,185000,판매중,,https://media.bunjang.co.kr/product/407271871_1_1778416277_w{res}.jpg,https://m.bunjang.co.kr/products/407271871,2026-05-10 21:31,벤큐 모니터,,,UNKNOWN,N,,SALE,,,,,UNKNOWN
모니터,번개장터,378429531,로이체 마이멜로디 모니터 방향제 새상품,16000,판매중,,https://media.bunjang.co.kr/product/378429531_1_1766752704_w{res}.jpg,https://m.bunjang.co.kr/products/378429531,2026-05-10 21:29,로이체 마이멜로디 모니터 방향제,,,UNKNOWN,N,,SALE,,,,,UNKNOWN
모니터,번개장터,402956621,후방카메라 모니터 세트 블랙  3세트.   60000,60000,판매중,,https://media.bunjang.co.kr/product/402956621_1_1776689058_w{res}.jpg,https://m.bunjang.co.kr/products/402956621,2026-05-10 21:23,후방카메라 모니터 세트 블랙 3세트. 60000,,,UNKNOWN,N,,SALE,,,,,UNKNOWN
모니터,번개장터,376117732,[미개봉] 먼작귀 모니터 피규어 하치와레,4000,판매중,,https://media.bunjang.co.kr/product/376117732_1_1778415699_w{res}.jpg,https://m.bunjang.co.kr/products/376117732,2026-05-10 21:21,[] 먼작귀 모니터 피규어 하치와레,,,UNKNOWN,N,,SALE,,,,,UNKNOWN
모니터,번개장터,389981809,포켓몬 스토어 tv 모니터형 마그넷,14000,판매중,,https://media.bunjang.co.kr/product/389981809_1_1771469257_w{res}.jpg,https://m.bunjang.co.kr/products/389981809,2026-05-10 21:21,포켓몬 스토어 tv 모니터형 마그넷,,,UNKNOWN,N,,SALE,,,,,UNKNOWN
모니터,번개장터,407022426,KRK Rokit5 G5 모니터 스피커 1조 풀박 판매,426000,판매중,,https://media.bunjang.co.kr/product/407022426_1_1778415601_w{res}.jpg,https://m.bunjang.co.kr/products/407022426,2026-05-10 21:20,krk rokit5 g5 모니터 스피커 1조,,,UNKNOWN,N,,SALE,,,,,UNKNOWN
모니터,번개장터,407266675,깔끔한 벤큐 27인치 QHD 입니다,100000,판매중,,https://media.bunjang.co.kr/product/407266675_1_1778414849_w{res}.jpg,https://m.bunjang.co.kr/products/407266675,2026-05-10 21:07,깔끔한 벤큐 27인치 qhd 입니다,,,UNKNOWN,N,,SALE,,,,,UNKNOWN
모니터,번개장터,394721967,노트북 모니터 어뎁터 아답타 삼성 lg 기타등,5000,판매중,,https://media.bunjang.co.kr/product/394721967_1_1777631978_w{res}.jpg,https://m.bunjang.co.kr/products/394721967,2026-05-10 20:54,노트북 모니터 어뎁터 아답타 삼성 lg 기타등,,,laptop,N,,SALE,,,,,UNKNOWN
모니터,번개장터,394353690,LG UltraGear 27GN950-B 4k 27인치 게이밍 모니터,330000,판매중,,https://media.bunjang.co.kr/product/394353690_1_1776805007_w{res}.jpg,https://m.bunjang.co.kr/products/394353690,2026-05-10 20:45,lg ultragear 27gn950-b 4k 27인치 게이밍 모니터,,,UNKNOWN,N,,SALE,,,,,UNKNOWN
모니터,번개장터,407259989,각종 모니터 케이블 VGA HDMI 등등,10000,판매중,,https://media.bunjang.co.kr/product/407259989_1_1778541354_w{res}.jpg,https://m.bunjang.co.kr/products/407259989,2026-05-10 20:36,각종 모니터 케이블 vga hdmi 등등,,,CABLE,Y,,SALE,,,,,UNKNOWN
모니터,번개장터,392812455,"구함, 교환) 플레이브 므메미무 케이블 프로텍터 -> 모니터 피규어",500,판매중,,https://media.bunjang.co.kr/product/392812455_1_1772849347_w{res}.jpg,https://m.bunjang.co.kr/products/392812455,2026-05-10 20:34,"구함, 교환) 플레이브 므메미무 케이블 프로텍터 -> 모니터 피규어",,,CABLE,Y,,SALE,,,,,UNKNOWN
모니터,번개장터,407258018,ASUS 540HZ PG248QP 판매합니다,660000,판매중,,https://media.bunjang.co.kr/product/407258018_1_1778414476_w{res}.jpg,https://m.bunjang.co.kr/products/407258018,2026-05-10 20:27,asus 540hz pg248qp,,,UNKNOWN,N,,SALE,,,,,UNKNOWN
모니터,번개장터,407255164,레노버 Legion 27Q-11 qhd 300hz 모니터 새상품,270000,판매중,,https://media.bunjang.co.kr/product/407255164_1_1778411739_w{res}.jpg,https://m.bunjang.co.kr/products/407255164,2026-05-10 20:15,레노버 legion 27q-11 qhd 300hz 모니터,,,UNKNOWN,N,,SALE,,,,,UNKNOWN
모니터,번개장터,407163428,DELL 델 S3422DWG 34인치 커브드 모니터,360000,판매중,,https://media.bunjang.co.kr/product/407163428_1_1778411388_w{res}.jpg,https://m.bunjang.co.kr/products/407163428,2026-05-10 20:09,dell 델 s3422dwg 34인치 커브드 모니터,,,UNKNOWN,N,,SALE,,,,,UNKNOWN
모니터,번개장터,407253333,"일룸 책상 , 모니터 미니 책상 세트",320000,판매중,,https://media.bunjang.co.kr/product/407253333_1_1778411259_w{res}.jpg,https://m.bunjang.co.kr/products/407253333,2026-05-10 20:07,"일룸 책상 , 모니터 미니 책상 세트",,,FURNITURE,Y,,SALE,,,,,UNKNOWN
모니터,번개장터,394922341,삼성 27인치 LED 커브드 모니터 C27R500FH 메인보드 부품용,35000,판매중,,https://media.bunjang.co.kr/product/394922341_1_1773391489_w{res}.jpg,https://m.bunjang.co.kr/products/394922341,2026-05-10 20:04,삼성 27인치 led 커브드 모니터 c27r500fh 메인보드 부품용,,,PARTS,Y,,SALE,,,,,UNKNOWN
모니터,번개장터,403857736,TVLogic LVM-171A 17인치 방송용 필드/색보정 모니터,750000,판매중,,https://media.bunjang.co.kr/product/403857736_1_1777092087_w{res}.jpg,https://m.bunjang.co.kr/products/403857736,2026-05-10 20:01,tvlogic lvm-171a 17인치 방송용 필드/색보정 모니터,,,UNKNOWN,N,,SALE,,,,,UNKNOWN
모니터,번개장터,219013319,에이스럭스 모니터거치대,30000,판매중,,https://media.bunjang.co.kr/product/219013319_1_1766142776_w{res}.jpg,https://m.bunjang.co.kr/products/219013319,2026-05-10 19:59,에이스럭스 모니터거치대,,,STAND,Y,,SALE,,,,,UNKNOWN
모니터,번개장터,350722505,듀얼 모니터 암 새상품,55000,판매중,,https://media.bunjang.co.kr/product/350722505_1_1776521570_w{res}.jpg,https://m.bunjang.co.kr/products/350722505,2026-05-10 19:58,듀얼 모니터 암,,,UNKNOWN,N,,SALE,,,,,UNKNOWN
모니터,번개장터,407248352,미개봉)LG 울트라기어 OLED 게이밍 모니터 GX,1190000,판매중,,https://media.bunjang.co.kr/product/407248352_1_1778409944_w{res}.jpg,https://m.bunjang.co.kr/products/407248352,2026-05-10 19:45,)lg 울트라기어 oled 게이밍 모니터 gx,,,UNKNOWN,N,,SALE,,,,,UNKNOWN
모니터,번개장터,392715880,컴퓨터 CPU i7 860 i5 750 760 57개 일괄판매,200000,판매중,,https://media.bunjang.co.kr/product/392715880_1_1778158045_w{res}.jpg,https://m.bunjang.co.kr/products/392715880,2026-05-10 19:41,컴퓨터 cpu i7 860 i5 750 760 57개 일괄,,,desktop,N,,SALE,I7 860,,,,UNKNOWN
모니터,번개장터,382159245,27인치 qhd 모니터포장용박스 QHDMONITORBC2790HD,16000,판매중,,https://media.bunjang.co.kr/product/382159245_1_1768302135_w{res}.jpg,https://m.bunjang.co.kr/products/382159245,2026-05-10 19:36,27인치 qhd 모니터포장용박스 qhdmonitorbc2790hd,,,BOX,Y,,SALE,,,,,UNKNOWN
모니터,번개장터,394112047,GNS - ST28 모니터스피커 입니다,200000,판매중,,https://media.bunjang.co.kr/product/394112047_1_1773023701_w{res}.jpg,https://m.bunjang.co.kr/products/394112047,2026-05-10 19:35,gns - st28 모니터스피커 입니다,,,UNKNOWN,N,,SALE,,,,,UNKNOWN
모니터,번개장터,397099537,판매완료..모니터오디오B6톨보이스피커입니다,250000,판매중,,https://media.bunjang.co.kr/product/397099537_1_1778024993_w{res}.jpg,https://m.bunjang.co.kr/products/397099537,2026-05-10 19:31,완료..모니터오디오b6톨보이스피커입니다,,,UNKNOWN,N,,SALE,,,,,UNKNOWN
모니터,번개장터,407241624,SLX 하이브리드 미니 런치 모니터 (새상품),190000,판매중,,https://media.bunjang.co.kr/product/407241624_1_1778409004_w{res}.jpg,https://m.bunjang.co.kr/products/407241624,2026-05-10 19:15,slx 하이브리드 미니 런치 모니터 (),,,UNKNOWN,N,,SALE,,,,,UNKNOWN
모니터,번개장터,407241346,아담홀 모니터 스피커 스탠드 1조 (2개),60000,판매중,,https://media.bunjang.co.kr/product/407241346_1_1778408110_w{res}.jpg,https://m.bunjang.co.kr/products/407241346,2026-05-10 19:14,아담홀 모니터 스피커 스탠드 1조 (2개),,,UNKNOWN,N,,SALE,,,,,UNKNOWN
모니터,번개장터,407240585,치이카와 먼작귀 모니터 피규어 모몽가,5000,판매중,,https://media.bunjang.co.kr/product/407240585_1_1778407880_w{res}.jpg,https://m.bunjang.co.kr/products/407240585,2026-05-10 19:11,치이카와 먼작귀 모니터 피규어 모몽가,,,UNKNOWN,N,,SALE,,,,,UNKNOWN
모니터,번개장터,407240315,"중고/폐컴퓨터, Tv, 서버, 모니터, 노트북 등  수거 및 매입합니다.",11111,판매중,,https://media.bunjang.co.kr/product/407240315_1_1778407812_w{res}.jpg,https://m.bunjang.co.kr/products/407240315,2026-05-10 19:10,"중고/폐컴퓨터, tv, 서버, 모니터, 노트북 등 수거 및 매입합니다.",,,laptop,N,,SALE,,,,,UNKNOWN
모니터,번개장터,407236786,조립컴퓨터 모니터 풀셋트 32인치 144HZ 데스크탑,420000,판매중,,https://media.bunjang.co.kr/product/407236786_1_1778406894_w{res}.jpg,https://m.bunjang.co.kr/products/407236786,2026-05-10 18:54,조립컴퓨터 모니터 풀셋트 32인치 144hz 데스크탑,,,desktop,N,,SALE,,,,,UNKNOWN
모니터,번개장터,403547633,모니터암 노스바유 NB-F80 2개,28000,판매중,,https://media.bunjang.co.kr/product/403547633_1_1778405781_w{res}.jpg,https://m.bunjang.co.kr/products/403547633,2026-05-10 18:36,모니터암 노스바유 nb-f80 2개,,,UNKNOWN,N,,SALE,,,,,UNKNOWN
모니터,번개장터,386732480,"삼성 데스크탑(컴퓨터), 삼성 모니터",1700000,판매중,,https://media.bunjang.co.kr/product/386732480_1_1772531350_w{res}.jpg,https://m.bunjang.co.kr/products/386732480,2026-05-10 18:21,"삼성 데스크탑(컴퓨터), 삼성 모니터",,,desktop,N,,SALE,,,,,UNKNOWN
모니터,번개장터,400252660,32인치 LG 모니터 32MP58HQ-P,100000,판매중,,https://media.bunjang.co.kr/product/400252660_1_1775637568_w{res}.jpg,https://m.bunjang.co.kr/products/400252660,2026-05-10 18:08,32인치 lg 모니터 32mp58hq-p,,,UNKNOWN,N,,SALE,,,,,UNKNOWN
모니터,번개장터,277604241,한성모니터 TFG32F14F 부품,5000,판매중,,https://media.bunjang.co.kr/product/277604241_1_1737441191_w{res}.jpg,https://m.bunjang.co.kr/products/277604241,2026-05-10 18:07,한성모니터 tfg32f14f 부품,,,PARTS,Y,,SALE,,,,,UNKNOWN
모니터,번개장터,368799920,엘지모니터용 아답터 중고양품 14V 3.5A DSA-0421S,6000,판매중,,https://media.bunjang.co.kr/product/368799920_1_1769730627_w{res}.jpg,https://m.bunjang.co.kr/products/368799920,2026-05-10 18:00,엘지모니터용 아답터 중고양품 14v 3.5a dsa-0421s,,,UNKNOWN,N,,SALE,,,,,UNKNOWN
모니터,번개장터,368797829,엘지 모니터용 아답터 중고양품 12V 3.5A AD-4212L,7000,판매중,,https://media.bunjang.co.kr/product/368797829_1_1766836150_w{res}.jpg,https://m.bunjang.co.kr/products/368797829,2026-05-10 18:00,엘지 모니터용 아답터 중고양품 12v 3.5a ad-4212l,,,UNKNOWN,N,,SALE,,,,,UNKNOWN
모니터,번개장터,407222925,모니터 + 정품 어댑터 + DP케이블 포함,150000,판매중,,https://media.bunjang.co.kr/product/407222925_1_1778403388_w{res}.jpg,https://m.bunjang.co.kr/products/407222925,2026-05-10 17:56,모니터 + 어댑터 + dp케이블 포함,,,CABLE,Y,,SALE,,,,,UNKNOWN
모니터,번개장터,324824430,지티기어 더블 모니터암 팝니다.,36000,판매중,,https://media.bunjang.co.kr/product/324824430_1_1749231174_w{res}.jpg,https://m.bunjang.co.kr/products/324824430,2026-05-10 17:45,지티기어 더블 모니터암 .,,,UNKNOWN,N,,SALE,,,,,UNKNOWN
모니터,번개장터,358799492,삼성모니터 32인치 S32F351FUK 메인보드 BN41-02521,30000,판매중,,https://media.bunjang.co.kr/product/358799492_1_1758855572_w{res}.jpg,https://m.bunjang.co.kr/products/358799492,2026-05-10 17:23,삼성모니터 32인치 s32f351fuk 메인보드 bn41-02521,,,PARTS,Y,,SALE,,,,,UNKNOWN
모니터,번개장터,407209583,"게이밍 컴퓨터, 모니터",850000,판매중,,https://media.bunjang.co.kr/product/407209583_1_1778400170_w{res}.jpg,https://m.bunjang.co.kr/products/407209583,2026-05-10 17:00,"게이밍 컴퓨터, 모니터",,,desktop,N,,SALE,,,,,UNKNOWN
모니터,번개장터,407208235,고사양 PC/ 모니터 포함 판매합니다,210000,판매중,,https://media.bunjang.co.kr/product/407208235_1_1778520274_w{res}.jpg,https://m.bunjang.co.kr/products/407208235,2026-05-10 16:55,고사양 pc/ 모니터 포함,,,desktop,N,,SALE,,,,,UNKNOWN
모니터,번개장터,407205169,벤큐 2411Z 144HZ 모니터,90000,판매중,,https://media.bunjang.co.kr/product/407205169_1_1778398979_w{res}.jpg,https://m.bunjang.co.kr/products/407205169,2026-05-10 16:42,벤큐 2411z 144hz 모니터,,,UNKNOWN,N,,SALE,,,,,UNKNOWN
모니터,번개장터,406951053,새제품 MSI 275QF QHD 200HZ 게이밍모니터,160000,예약중,,https://media.bunjang.co.kr/product/406951053_1_1778303865_w{res}.jpg,https://m.bunjang.co.kr/products/406951053,2026-05-10 16:36,새제품 msi 275qf qhd 200hz 게이밍모니터,,,UNKNOWN,N,,RESERVED,,,,,UNKNOWN
모니터,번개장터,400412752,"POSBANK 포스기 듀얼모니터 12.1  (키보드, 마우스, 금전함 포",150000,판매중,,https://media.bunjang.co.kr/product/400412752_1_1775710010_w{res}.jpg,https://m.bunjang.co.kr/products/400412752,2026-05-10 16:36,"posbank 포스기 듀얼모니터 12.1 (키보드, 마우스, 금전함 포",,,UNKNOWN,N,,SALE,,,,,UNKNOWN
모니터,번개장터,407198828,드론 조종기 거치대 태블릿 홀더,15000,판매중,,https://media.bunjang.co.kr/product/407198828_1_1778397376_w{res}.jpg,https://m.bunjang.co.kr/products/407198828,2026-05-10 16:16,드론 조종기 거치대 태블릿 홀더,,,STAND,Y,,SALE,,,,,UNKNOWN
모니터,번개장터,407198277,먼작귀 랜덤 초코 모니터 피규어 하치와레 히든,16000,판매중,,https://media.bunjang.co.kr/product/407198277_1_1778397240_w{res}.jpg,https://m.bunjang.co.kr/products/407198277,2026-05-10 16:14,먼작귀 랜덤 초코 모니터 피규어 하치와레 히든,,,UNKNOWN,N,,SALE,,,,,UNKNOWN
모니터,번개장터,390230086,삼성 SyncMaster BX2250 22인치 모니터,20000,판매중,,https://media.bunjang.co.kr/product/390230086_1_1771498802_w{res}.jpg,https://m.bunjang.co.kr/products/390230086,2026-05-10 15:53,삼성 syncmaster bx2250 22인치 모니터,,,UNKNOWN,N,,SALE,,,,,UNKNOWN
모니터,번개장터,397328538,**부품** 삼보 드림뷰 24인치 모니터  보드 판매합니다,10000,판매중,,https://media.bunjang.co.kr/product/397328538_1_1774424114_w{res}.jpg,https://m.bunjang.co.kr/products/397328538,2026-05-10 15:46,**부품** 삼보 드림뷰 24인치 모니터 보드,,,PARTS,Y,,SALE,,,,,UNKNOWN
모니터,번개장터,235468242,dell 모니터스텐드 u2722d,25000,판매중,,https://media.bunjang.co.kr/product/235468242_1_1693946024_w{res}.jpg,https://m.bunjang.co.kr/products/235468242,2026-05-10 15:42,dell 모니터스텐드 u2722d,,,UNKNOWN,N,,SALE,,,,,UNKNOWN
모니터,번개장터,406095944,electrika Fellowes DVI-D 모니터 케이블 2M,8000,판매중,,https://media.bunjang.co.kr/product/406095944_1_1777959489_w{res}.jpg,https://m.bunjang.co.kr/products/406095944,2026-05-10 15:27,electrika fellowes dvi-d 모니터 케이블 2m,,,CABLE,Y,,SALE,,,,,UNKNOWN
모니터,번개장터,402317166,LG 27gr93u 4k 144hz 모니터 판매합니다,375000,판매중,,https://media.bunjang.co.kr/product/402317166_1_1778342001_w{res}.jpg,https://m.bunjang.co.kr/products/402317166,2026-05-10 15:25,lg 27gr93u 4k 144hz 모니터,,,UNKNOWN,N,,SALE,,,,,UNKNOWN
모니터,번개장터,403362620,15.6인치 듀얼 터치 스크린 포터블(휴대용) 모니터,480000,판매중,,https://media.bunjang.co.kr/product/403362620_1_1777802402_w{res}.jpg,https://m.bunjang.co.kr/products/403362620,2026-05-10 15:25,15.6인치 듀얼 터치 스크린 포터블(휴대용) 모니터,,,UNKNOWN,N,,SALE,,,,,UNKNOWN
모니터,번개장터,403356602,13.3인치 4K 포터블(휴대용) 모니터,160000,판매중,,https://media.bunjang.co.kr/product/403356602_1_1777802429_w{res}.jpg,https://m.bunjang.co.kr/products/403356602,2026-05-10 15:25,13.3인치 4k 포터블(휴대용) 모니터,,,UNKNOWN,N,,SALE,,,,,UNKNOWN
모니터,번개장터,399152534,가나디 천사악마 모니터키링 세트 팝니다,27650,판매중,,https://media.bunjang.co.kr/product/399152534_1_1775298942_w{res}.jpg,https://m.bunjang.co.kr/products/399152534,2026-05-10 15:17,가나디 천사악마 모니터키링 세트,,,UNKNOWN,N,,SALE,,,,,UNKNOWN
모니터,번개장터,395483289,벤큐 BenQ XL2411p 아이케어 24인치 게이밍모니터 팝니,150000,판매중,,https://media.bunjang.co.kr/product/395483289_1_1774329540_w{res}.jpg,https://m.bunjang.co.kr/products/395483289,2026-05-10 15:11,벤큐 benq xl2411p 아이케어 24인치 게이밍모니터 팝니,,,UNKNOWN,N,,SALE,,,,,UNKNOWN
모니터,번개장터,401769361,Dell 에일리언웨어 aw2518h 25인치 240hz 게이밍모니터,190000,판매중,,https://media.bunjang.co.kr/product/401769361_1_1778031916_w{res}.jpg,https://m.bunjang.co.kr/products/401769361,2026-05-10 15:10,dell 에일리언웨어 aw2518h 25인치 240hz 게이밍모니터,,,UNKNOWN,N,,SALE,,,,,UNKNOWN
모니터,번개장터,320152858,DELL p2419h 델 24인치 피벗 가능한 모니터,100000,판매중,,https://media.bunjang.co.kr/product/320152858_1_1760416871_w{res}.jpg,https://m.bunjang.co.kr/products/320152858,2026-05-10 15:10,dell p2419h 델 24인치 피벗 가능한 모니터,,,UNKNOWN,N,,SALE,,,,,UNKNOWN
모니터,번개장터,403543506,먼작귀 모니터 피규어 4종,15000,판매중,,https://media.bunjang.co.kr/product/403543506_1_1776949390_w{res}.jpg,https://m.bunjang.co.kr/products/403543506,2026-05-10 15:09,먼작귀 모니터 피규어 4종,,,UNKNOWN,N,,SALE,,,,,UNKNOWN
모니터,번개장터,392867100,Dell 24인치 모니터 p2422h 베젤리스 사무용 모니터 팝니다,120000,판매중,,https://media.bunjang.co.kr/product/392867100_1_1772508076_w{res}.jpg,https://m.bunjang.co.kr/products/392867100,2026-05-10 15:09,dell 24인치 모니터 p2422h 베젤리스 사무용 모니터,,,UNKNOWN,N,,SALE,,,,,UNKNOWN
모니터,번개장터,397131319,LG 24인치 모니터 FHD IPS 24MK430H(75HZ),59000,판매중,,https://media.bunjang.co.kr/product/397131319_1_1777635625_w{res}.jpg,https://m.bunjang.co.kr/products/397131319,2026-05-10 15:09,lg 24인치 모니터 fhd ips 24mk430h(75hz),,,UNKNOWN,N,,SALE,,,,,UNKNOWN
모니터,번개장터,123181772,LG 34uc79g 34인치 144hz 울트라와이드 커브드 게이밍 모니터,230000,판매중,,https://media.bunjang.co.kr/product/123181772_1_1769935974_w{res}.jpg,https://m.bunjang.co.kr/products/123181772,2026-05-10 15:08,lg 34uc79g 34인치 144hz 울트라와이드 커브드 게이밍 모니터,,,UNKNOWN,N,,SALE,,,,,UNKNOWN
모니터,번개장터,184310111,델 DELL p2417h 24인치 피벗가능 모니터 대량판매합니다,100000,판매중,,https://media.bunjang.co.kr/product/184310111_1_1740703187_w{res}.jpg,https://m.bunjang.co.kr/products/184310111,2026-05-10 15:06,델 dell p2417h 24인치 피벗가능 모니터 대량,,,UNKNOWN,N,,SALE,,,,,UNKNOWN
모니터,번개장터,397503427,Dell e2417h  24인치 사무용 모니터 팝니다,110000,판매중,,https://media.bunjang.co.kr/product/397503427_1_1774503569_w{res}.jpg,https://m.bunjang.co.kr/products/397503427,2026-05-10 15:06,dell e2417h 24인치 사무용 모니터,,,UNKNOWN,N,,SALE,,,,,UNKNOWN
모니터,번개장터,407182803,모니터연장 HDMI to HDMI 2.0 M/F 케이블 2m,7000,판매중,,https://media.bunjang.co.kr/product/407182803_1_1778393079_w{res}.jpg,https://m.bunjang.co.kr/products/407182803,2026-05-10 15:04,모니터연장 hdmi to hdmi 2.0 m/f 케이블 2m,,,CABLE,Y,,SALE,,,,,UNKNOWN
모니터,번개장터,407181747,13-32인치형 세로 듀얼모니터 클램프거치대,46000,판매중,,https://media.bunjang.co.kr/product/407181747_1_1778392774_w{res}.jpg,https://m.bunjang.co.kr/products/407181747,2026-05-10 14:59,13-32인치형 세로 듀얼모니터 클램프거치대,,,STAND,Y,,SALE,,,,,UNKNOWN
모니터,번개장터,407180685,4K UHD지원 DP to HDMI 모니터 변환 메탈 케이블 2m,24000,판매중,,https://media.bunjang.co.kr/product/407180685_1_1778392479_w{res}.jpg,https://m.bunjang.co.kr/products/407180685,2026-05-10 14:54,4k uhd지원 dp to hdmi 모니터 변환 메탈 케이블 2m,,,CABLE,Y,,SALE,,,,,UNKNOWN
모니터,번개장터,400857565,야마하 HS8 1조 판매 yamaha hs 8 모니터스피커,470000,판매중,,https://media.bunjang.co.kr/product/400857565_1_1776852186_w{res}.jpg,https://m.bunjang.co.kr/products/400857565,2026-05-10 14:46,야마하 hs8 1조 yamaha hs 8 모니터스피커,,,UNKNOWN,N,,SALE,,,,,UNKNOWN
모니터,번개장터,407177672,LG 게이밍 모니터 24GS60F,165000,판매중,,https://media.bunjang.co.kr/product/407177672_1_1778391633_w{res}.jpg,https://m.bunjang.co.kr/products/407177672,2026-05-10 14:40,lg 게이밍 모니터 24gs60f,,,UNKNOWN,N,,SALE,,,,,UNKNOWN
모니터,번개장터,359293124,테슬라 모델3 정품 모니터 OEM 순정부품 상태 최상 네고가능,410000,판매중,,https://media.bunjang.co.kr/product/359293124_1_1769589879_w{res}.jpg,https://m.bunjang.co.kr/products/359293124,2026-05-10 14:24,테슬라 모델3 모니터 oem 순정부품 상태 최상 가능,,,PARTS,Y,,SALE,,,,,UNKNOWN
모니터,번개장터,407172170,13~30형 2단관절 벽걸이 모니터암 브라켓,15000,판매중,,https://media.bunjang.co.kr/product/407172170_1_1778390079_w{res}.jpg,https://m.bunjang.co.kr/products/407172170,2026-05-10 14:14,13~30형 2단관절 벽걸이 모니터암 브라켓,,,UNKNOWN,N,,SALE,,,,,UNKNOWN
모니터,번개장터,397551242,제네렉 8010 모니터 스피커 1조 풀박스 케이블포함,790000,예약중,,https://media.bunjang.co.kr/product/397551242_1_1774518209_w{res}.jpg,https://m.bunjang.co.kr/products/397551242,2026-05-10 14:11,제네렉 8010 모니터 스피커 1조 스 케이블포함,,,CABLE,Y,,RESERVED,,,,,UNKNOWN
모니터,번개장터,377676214,삼성 LC32F39NFUKXKR,190000,판매중,,https://media.bunjang.co.kr/product/377676214_1_1766393677_w{res}.jpg,https://m.bunjang.co.kr/products/377676214,2026-05-10 14:11,삼성 lc32f39nfukxkr,,,UNKNOWN,N,,SALE,,,,,UNKNOWN
모니터,번개장터,201801511,모니터 스피커 스탠드,60000,판매중,,https://media.bunjang.co.kr/product/201801511_1_1775481365_w{res}.jpg,https://m.bunjang.co.kr/products/201801511,2026-05-10 14:06,모니터 스피커 스탠드,,,UNKNOWN,N,,SALE,,,,,UNKNOWN
모니터,번개장터,376711317,그란보드 행거 모니터 풀세트,150000,판매중,,https://media.bunjang.co.kr/product/376711317_1_1773034488_w{res}.jpg,https://m.bunjang.co.kr/products/376711317,2026-05-10 14:04,그란보드 행거 모니터 풀세트,,,UNKNOWN,N,,SALE,,,,,UNKNOWN
모니터,번개장터,199103079,순정 튜익스 튜온 리어모니터,500000,판매중,,https://media.bunjang.co.kr/product/199103079_1_1769564742_w{res}.jpg,https://m.bunjang.co.kr/products/199103079,2026-05-10 13:49,순정 튜익스 튜온 리어모니터,,,UNKNOWN,N,,SALE,,,,,UNKNOWN
모니터,번개장터,407167159,27형 FHD IPS 144Hz 게이밍 모니터,150000,판매중,,https://media.bunjang.co.kr/product/407167159_1_1778388577_w{res}.jpg,https://m.bunjang.co.kr/products/407167159,2026-05-10 13:49,27형 fhd ips 144hz 게이밍 모니터,,,UNKNOWN,N,,SALE,,,,,UNKNOWN
모니터,번개장터,390975346,TG 22~23인치 컴퓨터 모니터 가정사무용 monitor,25000,판매중,,https://media.bunjang.co.kr/product/390975346_1_1778298158_w{res}.jpg,https://m.bunjang.co.kr/products/390975346,2026-05-10 13:45,tg 22~23인치 컴퓨터 모니터 가정사무용 monitor,,,desktop,N,,SALE,,,,,UNKNOWN
모니터,번개장터,386444443,2종세트) 먼작귀 치이카와 모니터 피규어 쿠리만쥬 히든+기본,21270,판매중,,https://media.bunjang.co.kr/product/386444443_1_1778404639_w{res}.jpg,https://m.bunjang.co.kr/products/386444443,2026-05-10 13:41,2종세트) 먼작귀 치이카와 모니터 피규어 쿠리만쥬 히든+기본,,,UNKNOWN,N,,SALE,,,,,UNKNOWN
모니터,번개장터,407160471,짱구 히퍼 피규어 핸드폰 모니터 노트북 데스크 꾸미기,11000,판매중,,https://media.bunjang.co.kr/product/407160471_1_1778386500_w{res}.jpg,https://m.bunjang.co.kr/products/407160471,2026-05-10 13:15,짱구 히퍼 피규어 핸드폰 모니터 노트북 데스크 꾸미기,,,laptop,N,,SALE,,,,,UNKNOWN
모니터,번개장터,407159528,33cm 플라스틱 TV 모니터 상단 다용도 선반 거치대,11000,판매중,,https://media.bunjang.co.kr/product/407159528_1_1778386180_w{res}.jpg,https://m.bunjang.co.kr/products/407159528,2026-05-10 13:09,33cm 플라스틱 tv 모니터 상단 다용도 선반 거치대,,,STAND,Y,,SALE,,,,,UNKNOWN
모니터,번개장터,334947853,Lg 23인치 모니터,50000,판매중,,https://media.bunjang.co.kr/product/334947853_1_1750208287_w{res}.jpg,https://m.bunjang.co.kr/products/334947853,2026-05-10 13:02,lg 23인치 모니터,,,UNKNOWN,N,,SALE,,,,,UNKNOWN
모니터,번개장터,205280001,삼성 55인치 4K 스마트 TV 특가한정판매 !,590000,판매중,,https://media.bunjang.co.kr/product/205280001_1_1750157348_w{res}.jpg,https://m.bunjang.co.kr/products/205280001,2026-05-10 13:02,삼성 55인치 4k 스마트 tv 특가한정 !,,,UNKNOWN,N,,SALE,,,,,UNKNOWN
모니터,번개장터,397308944,11.7인치 카플레이 모니터 (전방 카메라 탑재),79000,판매중,,https://media.bunjang.co.kr/product/397308944_1_1774420181_w{res}.jpg,https://m.bunjang.co.kr/products/397308944,2026-05-10 12:54,11.7인치 카플레이 모니터 (전방 카메라 탑재),,,UNKNOWN,N,,SALE,,,,,UNKNOWN
모니터,번개장터,378719097,포터블 모니터 거치대 스탠드형,18000,판매중,,https://media.bunjang.co.kr/product/378719097_1_1770102605_w{res}.jpg,https://m.bunjang.co.kr/products/378719097,2026-05-10 12:54,포터블 모니터 거치대 스탠드형,,,STAND,Y,,SALE,,,,,UNKNOWN
모니터,번개장터,176082406,krk rokit7 g4화이트 1조 7인치 모니터링 스피커,550000,판매중,,https://media.bunjang.co.kr/product/176082406_1_1744611312_w{res}.jpg,https://m.bunjang.co.kr/products/176082406,2026-05-10 12:51,krk rokit7 g4화이트 1조 7인치 모니터링 스피커,,,UNKNOWN,N,,SALE,,,,,UNKNOWN
모니터,번개장터,407155176,치이카와 굿즈 판매합니다! | 누이 하치와레 모몽가 간식가챠 포대기모니터,1000,판매중,,https://media.bunjang.co.kr/product/407155176_1_1778384753_w{res}.jpg,https://m.bunjang.co.kr/products/407155176,2026-05-10 12:45,치이카와 굿즈 ! | 누이 하치와레 모몽가 간식가챠 포대기모니터,,,UNKNOWN,N,,SALE,,,,,UNKNOWN
모니터,번개장터,406918589,Dell Alienware AW2725Q QD-OLED 게이밍 모니터(미,770000,판매중,,https://media.bunjang.co.kr/product/406918589_1_1778292483_w{res}.jpg,https://m.bunjang.co.kr/products/406918589,2026-05-10 12:45,dell alienware aw2725q qd-oled 게이밍 모니터(미,,,UNKNOWN,N,,SALE,,,,,UNKNOWN
모니터,번개장터,404540280,HP OMEN 32X UHD 스마트 모니터,600000,판매중,,https://media.bunjang.co.kr/product/404540280_1_1777360562_w{res}.jpg,https://m.bunjang.co.kr/products/404540280,2026-05-10 12:45,hp omen 32x uhd 스마트 모니터,,,UNKNOWN,N,,SALE,,,,,UNKNOWN
모니터,번개장터,352544309,삼성 오디세이 Neo G9 57인치 모니터 팝니다.,1900000,판매중,,https://media.bunjang.co.kr/product/352544309_1_1775631129_w{res}.jpg,https://m.bunjang.co.kr/products/352544309,2026-05-10 12:40,삼성 오디세이 neo g9 57인치 모니터 .,,,UNKNOWN,N,,SALE,,,,,UNKNOWN
모니터,번개장터,406775285,삼성 오디세이 G5 27인치 커브드 모니터,90000,판매중,,https://media.bunjang.co.kr/product/406775285_1_1778348214_w{res}.jpg,https://m.bunjang.co.kr/products/406775285,2026-05-10 12:35,삼성 오디세이 g5 27인치 커브드 모니터,,,UNKNOWN,N,,SALE,,,,,UNKNOWN
모니터,번개장터,407152988,27인치 TN FHD 165Hz HDR 게이밍 모니터 HDMI/DP,151000,판매중,,https://media.bunjang.co.kr/product/407152988_1_1778384076_w{res}.jpg,https://m.bunjang.co.kr/products/407152988,2026-05-10 12:34,27인치 tn fhd 165hz hdr 게이밍 모니터 hdmi/dp,,,UNKNOWN,N,,SALE,,,,,UNKNOWN
모니터,번개장터,399058132,한성 49인치 모니터,600000,판매중,,https://media.bunjang.co.kr/product/399058132_1_1776136496_w{res}.jpg,https://m.bunjang.co.kr/products/399058132,2026-05-10 12:33,한성 49인치 모니터,,,UNKNOWN,N,,SALE,,,,,UNKNOWN
모니터,번개장터,132900568,각종모니터 팔아요~,30000,판매중,,https://media.bunjang.co.kr/product/132900568_1_1746843358_w{res}.jpg,https://m.bunjang.co.kr/products/132900568,2026-05-10 12:30,각종모니터 ~,,,UNKNOWN,N,,SALE,,,,,UNKNOWN
모니터,번개장터,407152063,레노버 게이밍 모니터 Legion 27-10 판매합니다.(택배 X),150000,판매중,,https://media.bunjang.co.kr/product/407152063_1_1778475860_w{res}.jpg,https://m.bunjang.co.kr/products/407152063,2026-05-10 12:29,레노버 게이밍 모니터 legion 27-10 .( x),,,UNKNOWN,N,,SALE,,,,,UNKNOWN
모니터,번개장터,398739575,카멜마운트 고든 DMA-DSS 듀얼 모니터암 고급형 미개봉 7개,86000,판매중,,https://media.bunjang.co.kr/product/398739575_1_1776949916_w{res}.jpg,https://m.bunjang.co.kr/products/398739575,2026-05-10 12:26,카멜마운트 고든 dma-dss 듀얼 모니터암 고급형 7개,,,UNKNOWN,N,,SALE,,,,,UNKNOWN
모니터,번개장터,407151036,HDMI to DVI-D 싱글 모니터 변환 케이블 15m,28000,판매중,,https://media.bunjang.co.kr/product/407151036_1_1778383415_w{res}.jpg,https://m.bunjang.co.kr/products/407151036,2026-05-10 12:23,hdmi to dvi-d 싱글 모니터 변환 케이블 15m,,,CABLE,Y,,SALE,,,,,UNKNOWN
모니터,번개장터,381629019,"애플 아이맥 24 M1 블루 (8, 512) 새상품급 판매합니다!!!",850000,판매중,,https://media.bunjang.co.kr/product/381629019_1_1768112568_w{res}.jpg,https://m.bunjang.co.kr/products/381629019,2026-05-10 12:15,"애플 아이맥 24 m1 블루 (8, 512) 급 !!!",,,UNKNOWN,N,,SALE,,,,,UNKNOWN
모니터,번개장터,269054812,"그랜져HG 2015년식 이상 순정 AVN 데크,모니터 팝니다.",150000,판매중,,https://media.bunjang.co.kr/product/269054812_1_1765180713_w{res}.jpg,https://m.bunjang.co.kr/products/269054812,2026-05-10 12:15,"그랜져hg 2015년식 이상 순정 avn 데크,모니터 .",,,UNKNOWN,N,,SALE,,,,,UNKNOWN
모니터,번개장터,199203626,"제네시스DH 고급형 블루링크 AVN데크,모니터,앰프 팝니다.",100000,판매중,,https://media.bunjang.co.kr/product/199203626_1_1767667675_w{res}.jpg,https://m.bunjang.co.kr/products/199203626,2026-05-10 12:15,"제네시스dh 고급형 블루링크 avn데크,모니터,앰프 .",,,UNKNOWN,N,,SALE,,,,,UNKNOWN
모니터,번개장터,406295604,삼성전자 2025 FHD M5 스마트모니터 미개봉 새상품,220000,판매중,,https://media.bunjang.co.kr/product/406295604_1_1778503710_w{res}.jpg,https://m.bunjang.co.kr/products/406295604,2026-05-10 12:04,삼성전자 2025 fhd m5 스마트모니터,,,UNKNOWN,N,,SALE,,,,,UNKNOWN
모니터,번개장터,403513292,애플 썬더볼트 디스플레이 27인치 A1407 모니터,300000,판매중,,https://media.bunjang.co.kr/product/403513292_1_1777097862_w{res}.jpg,https://m.bunjang.co.kr/products/403513292,2026-05-10 12:03,애플 썬더볼트 디스플레이 27인치 a1407 모니터,,,UNKNOWN,N,,SALE,,,,,UNKNOWN
모니터,번개장터,407147480,SPL 2Control 스피커 헤드폰 모니터 컨트롤러,400000,판매중,,https://media.bunjang.co.kr/product/407147480_1_1778383338_w{res}.jpg,https://m.bunjang.co.kr/products/407147480,2026-05-10 12:03,spl 2control 스피커 헤드폰 모니터 컨트롤러,,,UNKNOWN,N,,SALE,,,,,UNKNOWN
모니터,번개장터,401828513,먼작귀 모몽가 모니터피규어 가챠 피규어,6000,판매중,,https://media.bunjang.co.kr/product/401828513_1_1776255077_w{res}.jpg,https://m.bunjang.co.kr/products/401828513,2026-05-10 11:56,먼작귀 모몽가 모니터피규어 가챠 피규어,,,UNKNOWN,N,,SALE,,,,,UNKNOWN
모니터,번개장터,261700608,삼성 스마트모니터 M7 32인치 80cm,500000,판매중,,https://media.bunjang.co.kr/product/261700608_1_1714310234_w{res}.jpg,https://m.bunjang.co.kr/products/261700608,2026-05-10 11:56,삼성 스마트모니터 m7 32인치 80cm,,,UNKNOWN,N,,SALE,,,,,UNKNOWN
모니터,번개장터,382386494,먼작귀 모니터 랜덤 피규어 랏코,5000,판매중,,https://media.bunjang.co.kr/product/382386494_1_1775702520_w{res}.jpg,https://m.bunjang.co.kr/products/382386494,2026-05-10 11:50,먼작귀 모니터 랜덤 피규어 랏코,,,UNKNOWN,N,,SALE,,,,,UNKNOWN
모니터,번개장터,383306015,먼작귀 모니터 랜덤 피규어 쿠리만쥬,5000,판매중,,https://media.bunjang.co.kr/product/383306015_1_1775702510_w{res}.jpg,https://m.bunjang.co.kr/products/383306015,2026-05-10 11:50,먼작귀 모니터 랜덤 피규어 쿠리만쥬,,,UNKNOWN,N,,SALE,,,,,UNKNOWN
모니터,번개장터,398736188,모니터선 RGB VGA 케이블,1100,판매중,,https://media.bunjang.co.kr/product/398736188_1_1777254137_w{res}.jpg,https://m.bunjang.co.kr/products/398736188,2026-05-10 11:41,모니터선 rgb vga 케이블,,,CABLE,Y,,SALE,,,,,UNKNOWN
모니터,번개장터,402082035,DELL P2422H FHD 모니터 판매해요.,50000,판매중,,https://media.bunjang.co.kr/product/402082035_1_1776349820_w{res}.jpg,https://m.bunjang.co.kr/products/402082035,2026-05-10 11:35,dell p2422h fhd 모니터 해요.,,,UNKNOWN,N,,SALE,,,,,UNKNOWN
모니터,번개장터,400046257,M-AUDIO BX3 모니터 스피커,79000,판매중,,https://media.bunjang.co.kr/product/400046257_1_1777976027_w{res}.jpg,https://m.bunjang.co.kr/products/400046257,2026-05-10 11:28,m-audio bx3 모니터 스피커,,,UNKNOWN,N,,SALE,,,,,UNKNOWN
모니터,번개장터,406396195,SHURE 슈어 SE215 유선 이어폰 화이트,87000,판매중,,https://media.bunjang.co.kr/product/406396195_1_1778325471_w{res}.jpg,https://m.bunjang.co.kr/products/406396195,2026-05-10 11:28,shure 슈어 se215 유선 이어폰 화이트,,,UNKNOWN,N,,SALE,,,,,UNKNOWN
모니터,번개장터,407141680,메쉬형 2.1ver 모니터 기본 게이밍 케이블 1.5m,10000,판매중,,https://media.bunjang.co.kr/product/407141680_1_1778380115_w{res}.jpg,https://m.bunjang.co.kr/products/407141680,2026-05-10 11:28,메쉬형 2.1ver 모니터 기본 게이밍 케이블 1.5m,,,CABLE,Y,,SALE,,,,,UNKNOWN
모니터,번개장터,405235014,먼작귀 랏코 모니터 피규어 새상품 치이카와,4000,판매중,,https://media.bunjang.co.kr/product/405235014_1_1777996282_w{res}.jpg,https://m.bunjang.co.kr/products/405235014,2026-05-10 11:27,먼작귀 랏코 모니터 피규어 치이카와,,,UNKNOWN,N,,SALE,,,,,UNKNOWN
모니터,번개장터,367990419,카이엔 듀얼안드로이드 모니터 전국방문장착해드립니다,1950000,판매중,,https://media.bunjang.co.kr/product/367990419_1_1762600360_w{res}.jpg,https://m.bunjang.co.kr/products/367990419,2026-05-10 11:25,카이엔 듀얼안드로이드 모니터 전국방문장착해드립니다,,,UNKNOWN,N,,SALE,,,,,UNKNOWN
모니터,번개장터,407141136,롤랜드 PM-200 V-Drums 퍼스널 모니터 스피커,530000,판매중,,https://media.bunjang.co.kr/product/407141136_1_1778379900_w{res}.jpg,https://m.bunjang.co.kr/products/407141136,2026-05-10 11:25,롤랜드 pm-200 v-drums 퍼스널 모니터 스피커,,,UNKNOWN,N,,SALE,,,,,UNKNOWN
모니터,번개장터,337236139,[판매] LETOBOARD 컴퓨터 모니터 스탠드 (TMS-G02H) 새상,13000,판매중,,https://media.bunjang.co.kr/product/337236139_1_1748932005_w{res}.jpg,https://m.bunjang.co.kr/products/337236139,2026-05-10 11:24,[] letoboard 컴퓨터 모니터 스탠드 (tms-g02h) 새상,,,desktop,N,,SALE,,,,,UNKNOWN
모니터,번개장터,399688406,중고 게이밍 컴퓨터+ QHD 165Hz모니터일괄판매합니다!,900000,판매중,,https://media.bunjang.co.kr/product/399688406_1_1778152307_w{res}.jpg,https://m.bunjang.co.kr/products/399688406,2026-05-10 11:21,중고 게이밍 컴퓨터+ qhd 165hz모니터일괄!,,,desktop,N,,SALE,,,,,UNKNOWN
모니터,번개장터,405528048,젠랑이 모니터 인형(개봉),12000,판매중,,https://media.bunjang.co.kr/product/405528048_1_1778324754_w{res}.jpg,https://m.bunjang.co.kr/products/405528048,2026-05-10 11:20,젠랑이 모니터 인형(개봉),,,UNKNOWN,N,,SALE,,,,,UNKNOWN
모니터,번개장터,407140153,치이카와 모니터 피규어 일괄,15000,판매중,,https://media.bunjang.co.kr/product/407140153_1_1778379519_w{res}.jpg,https://m.bunjang.co.kr/products/407140153,2026-05-10 11:18,치이카와 모니터 피규어 일괄,,,UNKNOWN,N,,SALE,,,,,UNKNOWN
모니터,번개장터,407140152,VGA 양방향 구형 모니터 연결 장거리 케이블 50m,44000,판매중,,https://media.bunjang.co.kr/product/407140152_1_1778379519_w{res}.jpg,https://m.bunjang.co.kr/products/407140152,2026-05-10 11:18,vga 양방향 구형 모니터 연결 장거리 케이블 50m,,,CABLE,Y,,SALE,,,,,UNKNOWN
모니터,번개장터,244741647,40인치 LED UHD TV (새제품 무료배송),288000,판매중,,https://media.bunjang.co.kr/product/244741647_1_1751689707_w{res}.jpg,https://m.bunjang.co.kr/products/244741647,2026-05-10 11:12,40인치 led uhd tv (새제품 무료배송),,,UNKNOWN,N,,SALE,,,,,UNKNOWN
모니터,번개장터,102605862,58인치 UHD 4K LED TV (새제품 무료배송) 모니터,438000,판매중,,https://media.bunjang.co.kr/product/102605862_1_1655780345_w{res}.jpg,https://m.bunjang.co.kr/products/102605862,2026-05-10 11:12,58인치 uhd 4k led tv (새제품 무료배송) 모니터,,,UNKNOWN,N,,SALE,,,,,UNKNOWN
모니터,번개장터,407138949,LG TV 및 모니터 리모컨 판매 합니다,9000,판매중,,https://media.bunjang.co.kr/product/407138949_1_1778379049_w{res}.jpg,https://m.bunjang.co.kr/products/407138949,2026-05-10 11:10,lg tv 및 모니터 리모컨 합니다,,,UNKNOWN,N,,SALE,,,,,UNKNOWN
모니터,번개장터,407138582,LG 32인치 모니터 32GN650,250000,판매중,,https://media.bunjang.co.kr/product/407138582_1_1778378914_w{res}.jpg,https://m.bunjang.co.kr/products/407138582,2026-05-10 11:08,lg 32인치 모니터 32gn650,,,UNKNOWN,N,,SALE,,,,,UNKNOWN
모니터,번개장터,407138087,프로엘 WD12AV2 이태리 명품 모니터 스피커 세트,880000,판매중,,https://media.bunjang.co.kr/product/407138087_1_1778413611_w{res}.jpg,https://m.bunjang.co.kr/products/407138087,2026-05-10 11:05,프로엘 wd12av2 이태리 명품 모니터 스피커 세트,,,UNKNOWN,N,,SALE,,,,,UNKNOWN
모니터,번개장터,407137040,15-27인치형 스틸소재 2단관절 모니터 클램프형 암,181000,판매중,,https://media.bunjang.co.kr/product/407137040_1_1778378316_w{res}.jpg,https://m.bunjang.co.kr/products/407137040,2026-05-10 10:58,15-27인치형 스틸소재 2단관절 모니터 클램프형 암,,,UNKNOWN,N,,SALE,,,,,UNKNOWN
모니터,번개장터,391416162,UGEE pro 16액정타블렛 드로잉 모니터 15.6인치,85000,판매중,,https://media.bunjang.co.kr/product/391416162_1_1774013608_w{res}.jpg,https://m.bunjang.co.kr/products/391416162,2026-05-10 10:56,ugee pro 16액정타블렛 드로잉 모니터 15.6인치,,,UNKNOWN,N,,SALE,,,,,UNKNOWN
모니터,번개장터,379629400,먼작귀 모니터 랜덤 피규어 시사 판매,2500,판매중,,https://media.bunjang.co.kr/product/379629400_1_1767495100_w{res}.jpg,https://m.bunjang.co.kr/products/379629400,2026-05-10 10:56,먼작귀 모니터 랜덤 피규어 시사,,,UNKNOWN,N,,SALE,,,,,UNKNOWN
모니터,번개장터,395381114,먼작귀 모니터피규어 판매,5500,판매중,,https://media.bunjang.co.kr/product/395381114_1_1774767201_w{res}.jpg,https://m.bunjang.co.kr/products/395381114,2026-05-10 10:55,먼작귀 모니터피규어,,,UNKNOWN,N,,SALE,,,,,UNKNOWN
모니터,번개장터,304288799,액정파손 부품용 와이드 게이밍 모니터 한성 TFG34Q14W 1500R,71000,판매중,,https://media.bunjang.co.kr/product/304288799_1_1774658009_w{res}.jpg,https://m.bunjang.co.kr/products/304288799,2026-05-10 10:55,액정파손 부품용 와이드 게이밍 모니터 한성 tfg34q14w 1500r,,,PARTS,Y,,SALE,,,,,UNKNOWN
모니터,번개장터,407135921,LG 스마트 모니터 32SR76U 판매합니다.,430000,판매중,,https://media.bunjang.co.kr/product/407135921_1_1778459107_w{res}.jpg,https://m.bunjang.co.kr/products/407135921,2026-05-10 10:51,lg 스마트 모니터 32sr76u .,,,UNKNOWN,N,,SALE,,,,,UNKNOWN
모니터,번개장터,377096517,먼작귀모니터랜덤피규어 밤만쥬,5500,판매중,,https://media.bunjang.co.kr/product/377096517_1_1775739329_w{res}.jpg,https://m.bunjang.co.kr/products/377096517,2026-05-10 10:42,먼작귀모니터랜덤피규어 밤만쥬,,,UNKNOWN,N,,SALE,,,,,UNKNOWN
모니터,번개장터,237646197,LG32MP58HQ 모니터용 LG티콘보드팝니다,8000,판매중,,https://media.bunjang.co.kr/product/237646197_1_1771721566_w{res}.jpg,https://m.bunjang.co.kr/products/237646197,2026-05-10 10:30,lg32mp58hq 모니터용 lg티콘보드,,,UNKNOWN,N,,SALE,,,,,UNKNOWN
모니터,번개장터,405930299,부품용>> 모니터 스탠드,18000,판매중,,https://media.bunjang.co.kr/product/405930299_1_1777889744_w{res}.jpg,https://m.bunjang.co.kr/products/405930299,2026-05-10 10:17,부품용>> 모니터 스탠드,,,PARTS,Y,,SALE,,,,,UNKNOWN
모니터,번개장터,225822454,다양한 티비 텔레비젼 모니터 영상 브라운관 판매,300000,판매중,,https://media.bunjang.co.kr/product/225822454_1_1685672640_w{res}.jpg,https://m.bunjang.co.kr/products/225822454,2026-05-10 10:09,다양한 티비 텔레비젼 모니터 영상 브라운관,,,UNKNOWN,N,,SALE,,,,,UNKNOWN
모니터,번개장터,407130224,24인치 VA 광시야각 FHD 75Hz HDR 모니터,107000,판매중,,https://media.bunjang.co.kr/product/407130224_1_1778375315_w{res}.jpg,https://m.bunjang.co.kr/products/407130224,2026-05-10 10:08,24인치 va 광시야각 fhd 75hz hdr 모니터,,,UNKNOWN,N,,SALE,,,,,UNKNOWN
모니터,번개장터,399334773,먼작귀 치이카와 모니터 피규어 판매,3000,판매중,,https://media.bunjang.co.kr/product/399334773_1_1775989651_w{res}.jpg,https://m.bunjang.co.kr/products/399334773,2026-05-10 09:48,먼작귀 치이카와 모니터 피규어,,,UNKNOWN,N,,SALE,,,,,UNKNOWN
모니터,번개장터,403339600,* 벤큐 XL2566X+(무결점) 400hz 모니터,880000,판매중,,https://media.bunjang.co.kr/product/403339600_1_1776986275_w{res}.jpg,https://m.bunjang.co.kr/products/403339600,2026-05-10 09:47,* 벤큐 xl2566x+(무결점) 400hz 모니터,,,UNKNOWN,N,,SALE,,,,,UNKNOWN
모니터,번개장터,403209247,중고컴퓨터  모니터24-27-32-39,120000,판매중,,https://media.bunjang.co.kr/product/403209247_1_1777866282_w{res}.jpg,https://m.bunjang.co.kr/products/403209247,2026-05-10 09:41,중고컴퓨터 모니터24-27-32-39,,,desktop,N,,SALE,,,,,UNKNOWN
모니터,번개장터,377597386,중고컴퓨터  특가판매  진짜    오세요,110000,판매중,,https://media.bunjang.co.kr/product/377597386_1_1777864875_w{res}.jpg,https://m.bunjang.co.kr/products/377597386,2026-05-10 09:41,중고컴퓨터 특가 진짜 오세요,,,desktop,N,,SALE,,,,,UNKNOWN
모니터,번개장터,404508330,중고컴퓨터  사무용   셋트  초대박  세일   32인치,100000,판매중,,https://media.bunjang.co.kr/product/404508330_1_1777866080_w{res}.jpg,https://m.bunjang.co.kr/products/404508330,2026-05-10 09:41,중고컴퓨터 사무용 셋트 초대박 세일 32인치,,,desktop,N,,SALE,,,,,UNKNOWN
모니터,번개장터,404894537,중고컴퓨터   바로사용가능   퀵도가능함니다,100000,판매중,,https://media.bunjang.co.kr/product/404894537_1_1777508064_w{res}.jpg,https://m.bunjang.co.kr/products/404894537,2026-05-10 09:41,중고컴퓨터 바로사용가능 퀵도가능함니다,,,desktop,N,,SALE,,,,,UNKNOWN
모니터,번개장터,392949176,슬림형 고중량 모니터암 거치대 (17-45형 지원),60000,판매중,,https://media.bunjang.co.kr/product/392949176_1_1772534512_w{res}.jpg,https://m.bunjang.co.kr/products/392949176,2026-05-10 09:39,슬림형 고중량 모니터암 거치대 (17-45형 지원),,,STAND,Y,,SALE,,,,,UNKNOWN
모니터,번개장터,367213990,32인치형 듀얼 모니터암 3단관절 75X75/100X100,121000,판매중,,https://media.bunjang.co.kr/product/367213990_1_1762267837_w{res}.jpg,https://m.bunjang.co.kr/products/367213990,2026-05-10 09:39,32인치형 듀얼 모니터암 3단관절 75x75/100x100,,,UNKNOWN,N,,SALE,,,,,UNKNOWN
모니터,번개장터,203586782,LG 55인치 UHD 스마트 TV 한정예약판매 !,590000,판매중,,https://media.bunjang.co.kr/product/203586782_1_1750144070_w{res}.jpg,https://m.bunjang.co.kr/products/203586782,2026-05-10 09:35,lg 55인치 uhd 스마트 tv 한정예약 !,,,UNKNOWN,N,,SALE,,,,,UNKNOWN
모니터,번개장터,407125074,LG 32GX870A 32인치 4K 게이밍 모니터 삽니다.,1100000,판매중,,https://media.bunjang.co.kr/product/407125074_1_1778372623_w{res}.jpg,https://m.bunjang.co.kr/products/407125074,2026-05-10 09:23,lg 32gx870a 32인치 4k 게이밍 모니터 .,,,UNKNOWN,N,,SALE,,,,,UNKNOWN
모니터,번개장터,404043186,S급)벤큐 모니터,800000,판매중,,https://media.bunjang.co.kr/product/404043186_1_1777714502_w{res}.jpg,https://m.bunjang.co.kr/products/404043186,2026-05-10 09:08,s급)벤큐 모니터,,,UNKNOWN,N,,SALE,,,,,UNKNOWN
모니터,번개장터,383594882,4.3인치 후방카메라 모니터 세트 6M 케이블 2세트 40000원,40000,판매중,,https://media.bunjang.co.kr/product/383594882_1_1776081591_w{res}.jpg,https://m.bunjang.co.kr/products/383594882,2026-05-10 09:02,4.3인치 후방카메라 모니터 세트 6m 케이블 2세트 40000원,,,CABLE,Y,,SALE,,,,,UNKNOWN
모니터,번개장터,358302666,넥시 hdmi 모니터 분배기 nx-4k0102spm 팝니다,7000,판매중,,https://media.bunjang.co.kr/product/358302666_1_1778371095_w{res}.jpg,https://m.bunjang.co.kr/products/358302666,2026-05-10 08:57,넥시 hdmi 모니터 분배기 nx-4k0102spm,,,UNKNOWN,N,,SALE,,,,,UNKNOWN
모니터,번개장터,405121112,13-32인치 모니터 거치대 싱글 스탠드 팝니다,7000,판매중,,https://media.bunjang.co.kr/product/405121112_1_1778370844_w{res}.jpg,https://m.bunjang.co.kr/products/405121112,2026-05-10 08:55,13-32인치 모니터 거치대 싱글 스탠드,,,STAND,Y,,SALE,,,,,UNKNOWN
모니터,번개장터,289073754,udea 27인치 모니터,12000,판매중,,https://media.bunjang.co.kr/product/289073754_1_1774926082_w{res}.jpg,https://m.bunjang.co.kr/products/289073754,2026-05-10 08:38,udea 27인치 모니터,,,UNKNOWN,N,,SALE,,,,,UNKNOWN
모니터,번개장터,144876031,모니터 클립조명,30000,판매중,,https://media.bunjang.co.kr/product/144876031_1_1766130974_w{res}.jpg,https://m.bunjang.co.kr/products/144876031,2026-05-10 08:37,모니터 클립조명,,,UNKNOWN,N,,SALE,,,,,UNKNOWN
모니터,번개장터,406442616,삼성 뷰피니티 s7 32인치 4k 모니터 32d700,300000,판매중,,https://media.bunjang.co.kr/product/406442616_1_1778524533_w{res}.jpg,https://m.bunjang.co.kr/products/406442616,2026-05-10 08:26,삼성 뷰피니티 s7 32인치 4k 모니터 32d700,,,UNKNOWN,N,,SALE,,,,,UNKNOWN
모니터,번개장터,387769723,[미개봉] 먼작귀 모니터 피규어 우사기 히든,18000,판매중,,https://media.bunjang.co.kr/product/387769723_1_1776654235_w{res}.jpg,https://m.bunjang.co.kr/products/387769723,2026-05-10 08:01,[] 먼작귀 모니터 피규어 우사기 히든,,,UNKNOWN,N,,SALE,,,,,UNKNOWN
모니터,번개장터,387763015,[미개봉] 먼작귀 모니터 피규어 치이카와 히든,18000,판매중,,https://media.bunjang.co.kr/product/387763015_1_1777879019_w{res}.jpg,https://m.bunjang.co.kr/products/387763015,2026-05-10 08:01,[] 먼작귀 모니터 피규어 치이카와 히든,,,UNKNOWN,N,,SALE,,,,,UNKNOWN
모니터,번개장터,387768612,[미개봉] 먼작귀 모니터 피규어 랏코 히든,16000,판매중,,https://media.bunjang.co.kr/product/387768612_1_1776654225_w{res}.jpg,https://m.bunjang.co.kr/products/387768612,2026-05-10 08:01,[] 먼작귀 모니터 피규어 랏코 히든,,,UNKNOWN,N,,SALE,,,,,UNKNOWN
모니터,번개장터,321386500,LG 삼성 VTR 비디오 플레이어 2대 (TV 모니터 오디오 앰프,128000,판매중,,https://media.bunjang.co.kr/product/321386500_1_1771992206_w{res}.jpg,https://m.bunjang.co.kr/products/321386500,2026-05-10 07:54,lg 삼성 vtr 비디오 플레이어 2대 (tv 모니터 오디오 앰프,,,UNKNOWN,N,,SALE,,,,,UNKNOWN
모니터,번개장터,264581783,LG TV겸모니터 23인치,40000,판매중,,https://media.bunjang.co.kr/product/264581783_1_1716494321_w{res}.jpg,https://m.bunjang.co.kr/products/264581783,2026-05-10 07:48,lg tv겸모니터 23인치,,,UNKNOWN,N,,SALE,,,,,UNKNOWN
모니터,번개장터,347611863,okpos i-1500중고포스기 배달의민족POS 주문포스기 터치모니터,90000,판매중,,https://media.bunjang.co.kr/product/347611863_1_1753695902_w{res}.jpg,https://m.bunjang.co.kr/products/347611863,2026-05-10 07:47,okpos i-1500중고포스기 배달의민족pos 주문포스기 터치모니터,,,UNKNOWN,N,,SALE,,,,,UNKNOWN
모니터,번개장터,235468922,신흥정밀삼포스S-500중고포스기 벽걸이POS 터치모니터,120000,판매중,,https://media.bunjang.co.kr/product/235468922_1_1744073328_w{res}.jpg,https://m.bunjang.co.kr/products/235468922,2026-05-10 07:47,신흥정밀삼포스s-500중고포스기 벽걸이pos 터치모니터,,,UNKNOWN,N,,SALE,,,,,UNKNOWN
모니터,번개장터,403886755,NEXTU 1:4 DVI 분배기 미사용 (NEXT-104DVI / 모니터,30000,판매중,,https://media.bunjang.co.kr/product/403886755_1_1778390404_w{res}.jpg,https://m.bunjang.co.kr/products/403886755,2026-05-10 07:43,nextu 1:4 dvi 분배기 미사용 (next-104dvi / 모니터,,,UNKNOWN,N,,SALE,,,,,UNKNOWN
모니터,번개장터,407096856,비트엠 NEWSYNC X24F165 게이밍 모니터 팝니다 165hz,50000,판매중,,https://media.bunjang.co.kr/product/407096856_1_1778349165_w{res}.jpg,https://m.bunjang.co.kr/products/407096856,2026-05-10 02:51,비트엠 newsync x24f165 게이밍 모니터 165hz,,,UNKNOWN,N,,SALE,,,,,UNKNOWN
모니터,번개장터,407089568,LG 32인치 4K모니터 32UN650,240000,판매중,,https://media.bunjang.co.kr/product/407089568_1_1778345775_w{res}.jpg,https://m.bunjang.co.kr/products/407089568,2026-05-10 01:56,lg 32인치 4k모니터 32un650,,,UNKNOWN,N,,SALE,,,,,UNKNOWN
모니터,번개장터,407087853,델 Dell 모니터 27인치 P2723QE 4K (USB-C 허브형),320000,판매중,,https://media.bunjang.co.kr/product/407087853_1_1778345042_w{res}.jpg,https://m.bunjang.co.kr/products/407087853,2026-05-10 01:44,델 dell 모니터 27인치 p2723qe 4k (usb-c 허브형),,,UNKNOWN,N,,SALE,,,,,UNKNOWN
모니터,번개장터,336747602,휴대용 모니터 거치대 포터블 태블릿 거치대 15.6인치 사용가능,11700,판매중,,https://media.bunjang.co.kr/product/336747602_1_1767513914_w{res}.jpg,https://m.bunjang.co.kr/products/336747602,2026-05-10 01:41,휴대용 모니터 거치대 포터블 태블릿 거치대 15.6인치 사용가능,,,STAND,Y,,SALE,,,,,UNKNOWN
모니터,번개장터,407081213,삼성 g4 24인치 모니터,190000,판매중,,https://media.bunjang.co.kr/product/407081213_1_1778342405_w{res}.jpg,https://m.bunjang.co.kr/products/407081213,2026-05-10 01:00,삼성 g4 24인치 모니터,,,UNKNOWN,N,,SALE,,,,,UNKNOWN
모니터,번개장터,399136448,"먼작귀 모니터 피규어 하치와레, 치이카와 시사 쿠리만쥬",3500,판매중,,https://media.bunjang.co.kr/product/399136448_1_1778513120_w{res}.jpg,https://m.bunjang.co.kr/products/399136448,2026-05-10 00:47,"먼작귀 모니터 피규어 하치와레, 치이카와 시사 쿠리만쥬",,,UNKNOWN,N,,SALE,,,,,UNKNOWN
모니터,번개장터,386608637,치이카와 먼작귀 모니터 피규어 판매합니다!,5000,판매중,,https://media.bunjang.co.kr/product/386608637_1_1773627136_w{res}.jpg,https://m.bunjang.co.kr/products/386608637,2026-05-10 00:17,치이카와 먼작귀 모니터 피규어 !,,,UNKNOWN,N,,SALE,,,,,UNKNOWN
모니터,번개장터,404539682,베이비 카메라 + 수신기 (아기 모니터),30000,판매중,,https://media.bunjang.co.kr/product/404539682_1_1777360410_w{res}.jpg,https://m.bunjang.co.kr/products/404539682,2026-05-10 00:15,베이비 카메라 + 수신기 (아기 모니터),,,UNKNOWN,N,,SALE,,,,,UNKNOWN
모니터,번개장터,397911327,천사 날개 모니터 장식 데스크테리어,5500,판매중,,https://media.bunjang.co.kr/product/397911327_1_1777219542_w{res}.jpg,https://m.bunjang.co.kr/products/397911327,2026-05-10 00:13,천사 날개 모니터 장식 데스크테리어,,,UNKNOWN,N,,SALE,,,,,UNKNOWN
모니터,번개장터,177792142,AHD후빙카메라&룸미러모니터 2세트,240000,판매중,,https://media.bunjang.co.kr/product/177792142_1_1704987956_w{res}.jpg,https://m.bunjang.co.kr/products/177792142,2026-05-10 00:09,ahd후빙카메라&룸미러모니터 2세트,,,UNKNOWN,N,,SALE,,,,,UNKNOWN
모니터,번개장터,407071805,먼작귀 랏코 모니터 피규어 미개봉 판매 양도합니다,3190,판매중,,https://media.bunjang.co.kr/product/407071805_1_1778339038_w{res}.jpg,https://m.bunjang.co.kr/products/407071805,2026-05-10 00:03,먼작귀 랏코 모니터 피규어 양도합니다,,,UNKNOWN,N,,SALE,,,,,UNKNOWN
모니터,번개장터,385060489,"(우사기, 시사만 남았습니다) 먼작귀 치이카와 모니터 피규어",3000,판매중,,https://media.bunjang.co.kr/product/385060489_1_1778327186_w{res}.jpg,https://m.bunjang.co.kr/products/385060489,2026-05-10 00:03,"(우사기, 시사만 남았습니다) 먼작귀 치이카와 모니터 피규어",,,UNKNOWN,N,,SALE,,,,,UNKNOWN
모니터,번개장터,407071455,먼작귀 치이카와 모니터 피규어 미개봉 판매 양도합니다,3190,판매중,,https://media.bunjang.co.kr/product/407071455_1_1778338918_w{res}.jpg,https://m.bunjang.co.kr/products/407071455,2026-05-10 00:01,먼작귀 치이카와 모니터 피규어 양도합니다,,,UNKNOWN,N,,SALE,,,,,UNKNOWN
모니터,번개장터,405612832,치이카와 모니터 피규어,10000,판매중,,https://media.bunjang.co.kr/product/405612832_1_1777799628_w{res}.jpg,https://m.bunjang.co.kr/products/405612832,2026-05-10 00:00,치이카와 모니터 피규어,,,UNKNOWN,N,,SALE,,,,,UNKNOWN
모니터,번개장터,359454736,LG) 27GN750 게이밍 모니터,90000,판매중,,https://media.bunjang.co.kr/product/359454736_1_1772850490_w{res}.jpg,https://m.bunjang.co.kr/products/359454736,2026-05-09 23:54,lg) 27gn750 게이밍 모니터,,,UNKNOWN,N,,SALE,,,,,UNKNOWN
모니터,번개장터,407069167,안산)LG27인치 LED 모니터 TV+이동식 스탠드+게임기(라즈베리파이3,160000,판매중,,https://media.bunjang.co.kr/product/407069167_1_1778338116_w{res}.jpg,https://m.bunjang.co.kr/products/407069167,2026-05-09 23:48,안산)lg27인치 led 모니터 tv+이동식 스탠드+게임기(라즈베리파이3,,,UNKNOWN,N,,SALE,,,,,UNKNOWN
모니터,번개장터,398595012,제이씨현24인치 무결점 120hz모니터,86000,판매중,,https://media.bunjang.co.kr/product/398595012_1_1774967664_w{res}.jpg,https://m.bunjang.co.kr/products/398595012,2026-05-09 23:44,제이씨현24인치 무결점 120hz모니터,,,UNKNOWN,N,,SALE,,,,,UNKNOWN
모니터,번개장터,407065835,밴큐 EW2880U 4K 모니터,300000,판매중,,https://media.bunjang.co.kr/product/407065835_1_1778476875_w{res}.jpg,https://m.bunjang.co.kr/products/407065835,2026-05-09 23:31,밴큐 ew2880u 4k 모니터,,,UNKNOWN,N,,SALE,,,,,UNKNOWN
모니터,번개장터,297504078,"삼성 TV, 모니터 (Full HD) 32""",150000,판매중,,https://media.bunjang.co.kr/product/297504078_1_1750129142_w{res}.jpg,https://m.bunjang.co.kr/products/297504078,2026-05-09 23:28,"삼성 tv, 모니터 (full hd) 32""",,,UNKNOWN,N,,SALE,,,,,UNKNOWN
모니터,번개장터,407064660,급쳐 알파스캔 포터블 16인치 모니터 팔아요 새상품,120000,판매중,,https://media.bunjang.co.kr/product/407064660_1_1778336702_w{res}.jpg,https://m.bunjang.co.kr/products/407064660,2026-05-09 23:25,급쳐 알파스캔 포터블 16인치 모니터,,,UNKNOWN,N,,SALE,,,,,UNKNOWN
모니터,번개장터,392013106,쿠키런킹덤 굿즈 세트 노움 2021 1주년 새상품,31910,판매중,,https://media.bunjang.co.kr/product/392013106_1_1775634949_w{res}.jpg,https://m.bunjang.co.kr/products/392013106,2026-05-09 23:11,쿠키런킹덤 굿즈 세트 노움 2021 1주년,,,UNKNOWN,N,,SALE,,,,,UNKNOWN
모니터,번개장터,385486251,"BMW 3시리즈(F80,F30등) CID 모니터 8.8인치 터치x",310000,판매중,,https://media.bunjang.co.kr/product/385486251_1_1769609824_w{res}.jpg,https://m.bunjang.co.kr/products/385486251,2026-05-09 22:51,"bmw 3시리즈(f80,f30등) cid 모니터 8.8인치 터치x",,,UNKNOWN,N,,SALE,,,,,UNKNOWN
모니터,번개장터,407057684,모니터 TV 선반 거치대 30cm,2000,판매중,,https://media.bunjang.co.kr/product/407057684_1_1778334568_w{res}.jpg,https://m.bunjang.co.kr/products/407057684,2026-05-09 22:49,모니터 tv 선반 거치대 30cm,,,STAND,Y,,SALE,,,,,UNKNOWN
모니터,번개장터,402699004,QX3218R 165 CURVED CAPTAIN 모니터 팝니다.,110000,판매중,,https://media.bunjang.co.kr/product/402699004_1_1778334099_w{res}.jpg,https://m.bunjang.co.kr/products/402699004,2026-05-09 22:41,qx3218r 165 curved captain 모니터 .,,,UNKNOWN,N,,SALE,,,,,UNKNOWN
모니터,번개장터,386584819,아크테릭스 베일런스 모니터 SL 코트 xl,380000,판매중,,https://media.bunjang.co.kr/product/386584819_1_1775826242_w{res}.jpg,https://m.bunjang.co.kr/products/386584819,2026-05-09 22:36,아크테릭스 베일런스 모니터 sl 코트 xl,,,UNKNOWN,N,,SALE,,,,,UNKNOWN
모니터,번개장터,407050459,컴퓨터 CPU i3 4130~i3 4160 21개 일괄판매 (메인보드 램,105000,판매중,,https://media.bunjang.co.kr/product/407050459_1_1778332335_w{res}.jpg,https://m.bunjang.co.kr/products/407050459,2026-05-09 22:12,컴퓨터 cpu i3 4130~i3 4160 21개 일괄 (메인보드 램,,,PARTS,Y,,SALE,I3 4130,,,,LOW
모니터,번개장터,407048295,컴퓨터 CPU i3 4130~i3 4160 21개 일괄판매 (메인보드 램,105000,판매중,,https://media.bunjang.co.kr/product/407048295_1_1778332663_w{res}.jpg,https://m.bunjang.co.kr/products/407048295,2026-05-09 22:01,컴퓨터 cpu i3 4130~i3 4160 21개 일괄 (메인보드 램,,,PARTS,Y,,SALE,I3 4130,,,,LOW
모니터,번개장터,320179230,컴퓨터 CPU i3 4130~i3 4160 21개 일괄판매 (메인보드 램,105000,판매중,,https://media.bunjang.co.kr/product/320179230_1_1778332218_w{res}.jpg,https://m.bunjang.co.kr/products/320179230,2026-05-09 21:47,컴퓨터 cpu i3 4130~i3 4160 21개 일괄 (메인보드 램,,,PARTS,Y,,SALE,I3 4130,,,,LOW
모니터,번개장터,407038929,Lg모니터 24인치,32000,판매중,,https://media.bunjang.co.kr/product/407038929_1_1778328937_w{res}.jpg,https://m.bunjang.co.kr/products/407038929,2026-05-09 21:15,lg모니터 24인치,,,UNKNOWN,N,,SALE,,,,,UNKNOWN
모니터,번개장터,404863019,델 27인치 4K UHD 모니터 S2721QS,290000,판매중,,https://media.bunjang.co.kr/product/404863019_1_1777481341_w{res}.jpg,https://m.bunjang.co.kr/products/404863019,2026-05-09 21:01,델 27인치 4k uhd 모니터 s2721qs,,,UNKNOWN,N,,SALE,,,,,UNKNOWN
모니터,번개장터,359630556,"LG 360, 32인치 4K 전문가 모니터 2022년 제조",300000,판매중,,https://media.bunjang.co.kr/product/359630556_1_1770732150_w{res}.jpg,https://m.bunjang.co.kr/products/359630556,2026-05-09 20:59,"lg 360, 32인치 4k 전문가 모니터 2022년 제조",,,UNKNOWN,N,,SALE,,,,,UNKNOWN
모니터,번개장터,407035252,LG 34인치 울트라와이드 모니터 34UM65,70000,판매중,,https://media.bunjang.co.kr/product/407035252_1_1778327831_w{res}.jpg,https://m.bunjang.co.kr/products/407035252,2026-05-09 20:57,lg 34인치 울트라와이드 모니터 34um65,,,UNKNOWN,N,,SALE,,,,,UNKNOWN
모니터,번개장터,406347442,가나디 모니터 방향제 판매,15000,판매중,,https://media.bunjang.co.kr/product/406347442_1_1778052231_w{res}.jpg,https://m.bunjang.co.kr/products/406347442,2026-05-09 20:52,가나디 모니터 방향제,,,UNKNOWN,N,,SALE,,,,,UNKNOWN
모니터,번개장터,407032952,삼성 S32FM503 32인치 스마트 모니터,230000,판매중,,https://media.bunjang.co.kr/product/407032952_1_1778327173_w{res}.jpg,https://m.bunjang.co.kr/products/407032952,2026-05-09 20:46,삼성 s32fm503 32인치 스마트 모니터,,,UNKNOWN,N,,SALE,,,,,UNKNOWN
모니터,번개장터,404947833,전원케이블 컴퓨터나 모니터 등에 사용되는 전원 케이블,2000,판매중,,https://media.bunjang.co.kr/product/404947833_1_1777528849_w{res}.jpg,https://m.bunjang.co.kr/products/404947833,2026-05-09 20:40,전원케이블 컴퓨터나 모니터 등에 사용되는 전원 케이블,,,CABLE,Y,,SALE,,,,,UNKNOWN
모니터,번개장터,251060178,모니터 케이블 DVI-D to DVI-D 케이블,2000,판매중,,https://media.bunjang.co.kr/product/251060178_1_1706273045_w{res}.jpg,https://m.bunjang.co.kr/products/251060178,2026-05-09 20:40,모니터 케이블 dvi-d to dvi-d 케이블,,,CABLE,Y,,SALE,,,,,UNKNOWN
모니터,번개장터,255258766,LG 32인치 4K UHD IPS 모니터 32UN650K,450000,판매중,,https://media.bunjang.co.kr/product/255258766_1_1769129062_w{res}.jpg,https://m.bunjang.co.kr/products/255258766,2026-05-09 20:39,lg 32인치 4k uhd ips 모니터 32un650k,,,UNKNOWN,N,,SALE,,,,,UNKNOWN
모니터,번개장터,407030371,DELL U2410F(모니터 + 거치대),80000,판매중,,https://media.bunjang.co.kr/product/407030371_1_1778327299_w{res}.jpg,https://m.bunjang.co.kr/products/407030371,2026-05-09 20:33,dell u2410f(모니터 + 거치대),,,STAND,Y,,SALE,,,,,UNKNOWN
모니터,번개장터,406664786,LG 울트라기어 27GN650 27인치 모니터,140000,판매중,,https://media.bunjang.co.kr/product/406664786_1_1778510863_w{res}.jpg,https://m.bunjang.co.kr/products/406664786,2026-05-09 20:29,lg 울트라기어 27gn650 27인치 모니터,,,UNKNOWN,N,,SALE,,,,,UNKNOWN
모니터,번개장터,371549503,아이맥 개조 5K 모니터,330000,판매중,,https://media.bunjang.co.kr/product/371549503_1_1778326079_w{res}.jpg,https://m.bunjang.co.kr/products/371549503,2026-05-09 20:26,아이맥 개조 5k 모니터,,,UNKNOWN,N,,SALE,,,,,UNKNOWN
모니터,번개장터,193081068,삼성 커브드 모니터 32인치 화이트,80000,판매중,,https://media.bunjang.co.kr/product/193081068_1_1659048049_w{res}.jpg,https://m.bunjang.co.kr/products/193081068,2026-05-09 20:03,삼성 커브드 모니터 32인치 화이트,,,UNKNOWN,N,,SALE,,,,,UNKNOWN
모니터,번개장터,405088643,LG 27TN600S 모니터,270000,판매중,,https://media.bunjang.co.kr/product/405088643_1_1777593705_w{res}.jpg,https://m.bunjang.co.kr/products/405088643,2026-05-09 20:02,lg 27tn600s 모니터,,,UNKNOWN,N,,SALE,,,,,UNKNOWN
모니터,번개장터,403033532,게이밍 24인치 165HZ 1MS모니터-A+급,65000,예약중,,https://media.bunjang.co.kr/product/403033532_1_1777861346_w{res}.jpg,https://m.bunjang.co.kr/products/403033532,2026-05-09 20:01,게이밍 24인치 165hz 1ms모니터-a+급,,,UNKNOWN,N,,RESERVED,,,,,UNKNOWN
모니터,번개장터,393974341,주연테크 qhd 100hz 모니터 팔아요,67000,판매중,,https://media.bunjang.co.kr/product/393974341_1_1772968036_w{res}.jpg,https://m.bunjang.co.kr/products/393974341,2026-05-09 19:40,주연테크 qhd 100hz 모니터,,,UNKNOWN,N,,SALE,,,,,UNKNOWN
모니터,번개장터,400308097,MUCAi 34인치 100hz WQHD 21:9 모니터,110000,판매중,,https://media.bunjang.co.kr/product/400308097_1_1777031898_w{res}.jpg,https://m.bunjang.co.kr/products/400308097,2026-05-09 19:24,mucai 34인치 100hz wqhd 21:9 모니터,,,UNKNOWN,N,,SALE,,,,,UNKNOWN
모니터,번개장터,339669475,"주술회전 회오옥절 고죠키링, 파우치, 모니터 거치 스탠드",30000,판매중,,https://media.bunjang.co.kr/product/339669475_1_1773452429_w{res}.jpg,https://m.bunjang.co.kr/products/339669475,2026-05-09 19:16,"주술회전 회오옥절 고죠키링, 파우치, 모니터 거치 스탠드",,,POUCH,Y,,SALE,,,,,UNKNOWN
모니터,번개장터,385411306,LG 엑스노트 노트북,80000,판매중,,https://media.bunjang.co.kr/product/385411306_1_1773311772_w{res}.jpg,https://m.bunjang.co.kr/products/385411306,2026-05-09 19:14,lg 엑스노트 노트북,,,laptop,N,,SALE,,,,,UNKNOWN
모니터,번개장터,407013474,빅터 6인치 브라운관 모니터 +VHS-C 레코더 VCR (가방 포함),580000,판매중,,https://media.bunjang.co.kr/product/407013474_1_1778424807_w{res}.jpg,https://m.bunjang.co.kr/products/407013474,2026-05-09 19:10,빅터 6인치 브라운관 모니터 +vhs-c 레코더 vcr (가방 포함),,,UNKNOWN,N,,SALE,,,,,UNKNOWN
모니터,번개장터,407010523,삼성 오디세이 G5 32인치 게이밍 모니터,220000,판매중,,https://media.bunjang.co.kr/product/407010523_1_1778320586_w{res}.jpg,https://m.bunjang.co.kr/products/407010523,2026-05-09 18:56,삼성 오디세이 g5 32인치 게이밍 모니터,,,UNKNOWN,N,,SALE,,,,,UNKNOWN
모니터,번개장터,407008905,[정가40만] 한성컴퓨터 듀얼모니터 풀박스 휴대용모니터 터치가능,250000,판매중,,https://media.bunjang.co.kr/product/407008905_1_1778320112_w{res}.jpg,https://m.bunjang.co.kr/products/407008905,2026-05-09 18:48,[정가40만] 한성컴퓨터 듀얼모니터 스 휴대용모니터 터치가능,,,desktop,N,,SALE,,,,,UNKNOWN
모니터,번개장터,405312332,LG 22인치 LED TV모니터,35000,판매중,,https://media.bunjang.co.kr/product/405312332_1_1777688696_w{res}.jpg,https://m.bunjang.co.kr/products/405312332,2026-05-09 18:46,lg 22인치 led tv모니터,,,UNKNOWN,N,,SALE,,,,,UNKNOWN
모니터,번개장터,407008427,[정가6.5만] TESmart 모니터선택기 HDMI 2.0 스위치 티이스,29000,판매중,,https://media.bunjang.co.kr/product/407008427_1_1778319974_w{res}.jpg,https://m.bunjang.co.kr/products/407008427,2026-05-09 18:46,[정가6.5만] tesmart 모니터선택기 hdmi 2.0 스위치 티이스,,,UNKNOWN,N,,SALE,,,,,UNKNOWN
모니터,번개장터,407007269,먼작귀 모니터 랜덤 피규어 우사기,6500,판매중,,https://media.bunjang.co.kr/product/407007269_1_1778319650_w{res}.jpg,https://m.bunjang.co.kr/products/407007269,2026-05-09 18:40,먼작귀 모니터 랜덤 피규어 우사기,,,UNKNOWN,N,,SALE,,,,,UNKNOWN
모니터,중고나라,228357377,LG 모니터 27UP850N 4K 27인치 판매,270000,판매중,,https://img2.joongna.com/media/original/2026/05/07/17781581407225j2_wayNH.jpg?impolicy=thumb&size=150,https://web.joongna.com/product/228357377,2026-05-12 18:53,lg 모니터 27up850n 4k 27인치,,,UNKNOWN,N,,SALE,,,,,UNKNOWN
모니터,중고나라,228525222,reProducer Epic 55 1조(2통) 리프로듀서 에픽55 모니터 스피커 에픽 55,2350000,판매중,,https://img2.joongna.com/media/original/2026/05/12/177857846448249Z_fALmv.jpg?impolicy=thumb&size=150,https://web.joongna.com/product/228525222,2026-05-12 18:40,reproducer epic 55 1조(2통) 리프로듀서 에픽55 모니터 스피커 에픽 55,,,UNKNOWN,N,,SALE,,,,,UNKNOWN
모니터,중고나라,228524650,32인치 커브드 모니터,80000,판매중,,https://img2.joongna.com/media/original/2026/05/12/1778577809267ZkY_ni1CF.jpg?impolicy=thumb&size=150,https://web.joongna.com/product/228524650,2026-05-12 18:23,32인치 커브드 모니터,,,UNKNOWN,N,,SALE,,,,,UNKNOWN
모니터,중고나라,228370125,펀디지 플립뷰 18 듀얼모니터,220000,판매중,,https://img2.joongna.com/media/original/2026/05/08/1778205855091deF_3I6HV.jpg?impolicy=thumb&size=150,https://web.joongna.com/product/228370125,2026-05-12 18:01,펀디지 플립뷰 18 듀얼모니터,,,UNKNOWN,N,,SALE,,,,,UNKNOWN
모니터,중고나라,228525510,mackie big knob 패시브 모니터 컨트롤러,80000,판매중,,https://img2.joongna.com/media/original/2026/05/12/1778579415932FgB_fRcrz.jpg?impolicy=thumb&size=150,https://web.joongna.com/product/228525510,2026-05-12 18:50,mackie big knob 패시브 모니터 컨트롤러,,,UNKNOWN,N,,SALE,,,,,UNKNOWN
모니터,중고나라,228230458,아크로넷 4K HDMI 모니터 화면 분할기,55000,판매중,,https://img2.joongna.com/media/original/2026/05/04/17778686874663gp_z4bzq.jpg?impolicy=thumb&size=150,https://web.joongna.com/product/228230458,2026-05-12 18:49,아크로넷 4k hdmi 모니터 화면 분할기,,,UNKNOWN,N,,SALE,,,,,UNKNOWN
모니터,중고나라,228476734,(택포) 노스바유 NB H100 모니터암,27000,판매중,,https://img2.joongna.com/media/original/2026/05/11/1778472572425sX3_6tBg0.jpg?impolicy=thumb&size=150,https://web.joongna.com/product/228476734,2026-05-12 18:48,() 노스바유 nb h100 모니터암,,,UNKNOWN,N,,SALE,,,,,UNKNOWN
모니터,중고나라,228476696,(택포) TCL FHD Fast-IPS 300Hz 모니터,195000,판매중,,https://img2.joongna.com/media/original/2026/05/11/1778472510084kv3_xhdxe.jpg?impolicy=thumb&size=150,https://web.joongna.com/product/228476696,2026-05-12 18:48,() tcl fhd fast-ips 300hz 모니터,,,UNKNOWN,N,,SALE,,,,,UNKNOWN
모니터,중고나라,228525316,델 aw3821dw 38인치 찐싱크 모니터 팝니다,650000,판매중,,https://img2.joongna.com/media/original/2026/05/12/1778578956786yln_iU7i0.jpg?impolicy=thumb&size=150,https://web.joongna.com/product/228525316,2026-05-12 18:42,델 aw3821dw 38인치 찐싱크 모니터,,,UNKNOWN,N,,SALE,,,,,UNKNOWN
모니터,중고나라,228525205,16인치 144hz 휴대용 모니터,90000,판매중,,https://img2.joongna.com/media/original/2026/05/12/1778578794527YGx_sAz24.jpg?impolicy=thumb&size=150,https://web.joongna.com/product/228525205,2026-05-12 18:39,16인치 144hz 휴대용 모니터,,,UNKNOWN,N,,SALE,,,,,UNKNOWN
모니터,중고나라,226639916,LG ADS-40FSG-19 (LG 모니터용),12000,판매중,,https://img2.joongna.com/media/original/2026/03/23/1774243429275wrG_rJL5j.jpg?impolicy=thumb&size=150,https://web.joongna.com/product/226639916,2026-05-12 18:32,lg ads-40fsg-19 (lg 모니터용),,,UNKNOWN,N,,SALE,,,,,UNKNOWN
모니터,중고나라,228524813,삼성 43 스마트모니터 4K UHD LS43FM701,490000,판매중,,https://img2.joongna.com/media/original/2026/05/12/177857808538079c_2Vn8R.jpg?impolicy=thumb&size=150,https://web.joongna.com/product/228524813,2026-05-12 18:28,삼성 43 스마트모니터 4k uhd ls43fm701,,,UNKNOWN,N,,SALE,,,,,UNKNOWN
모니터,중고나라,228524563,rtx3080 한성 완본체 모니터 묶음으로 팝니다,1300000,판매중,,https://img2.joongna.com/media/original/2026/05/12/1778577670357YGj_2Qu4D.jpg?impolicy=thumb&size=150,https://web.joongna.com/product/228524563,2026-05-12 18:21,rtx3080 한성 완본체 모니터 묶음으로,,,desktop,N,,SALE,,RTX3080,,,HIGH
모니터,중고나라,228524241,PRESONUS Eris Studio 5 프리소너스 모니터스피커 2개 1조,110000,판매중,,https://img2.joongna.com/media/original/2026/05/12/17785771006384R6_5mT9w.jpg?impolicy=thumb&size=150,https://web.joongna.com/product/228524241,2026-05-12 18:11,presonus eris studio 5 프리소너스 모니터스피커 2개 1조,,,UNKNOWN,N,,SALE,,,,,UNKNOWN
모니터,중고나라,228524226,TCL 25G64 QD Mini LED 모니터 판매합니다.,150000,판매중,,https://img2.joongna.com/media/original/2026/05/12/1778577015633j2q_PAcYL.jpg?impolicy=thumb&size=150,https://web.joongna.com/product/228524226,2026-05-12 18:11,tcl 25g64 qd mini led 모니터 .,,,UNKNOWN,N,,SALE,,,,,UNKNOWN
모니터,중고나라,228460295,32인치 UHD 게이밍 모니터,330000,판매중,,https://img2.joongna.com/media/original/2026/05/10/17784182001753WB_V5621.jpg?impolicy=thumb&size=150,https://web.joongna.com/product/228460295,2026-05-12 18:04,32인치 uhd 게이밍 모니터,,,UNKNOWN,N,,SALE,,,,,UNKNOWN
모니터,중고나라,225889758,아이맥 개조모니터 5k 27인치(최상 아이맥으로만 개조),1000000,판매중,,https://img2.joongna.com/media/original/2026/03/04/1772583912303yyl_xh2kP.jpg?impolicy=thumb&size=150,https://web.joongna.com/product/225889758,2026-05-12 17:25,아이맥 개조모니터 5k 27인치(최상 아이맥으로만 개조),,,UNKNOWN,N,,SALE,,,,,UNKNOWN
모니터,중고나라,227103520,펠로우즈 라이징 싱글 모니터암 화이트 판매합니다,260000,판매중,,https://img2.joongna.com/media/original/2026/04/04/17752690860805oR_ZZS0i.jpg?impolicy=thumb&size=150,https://web.joongna.com/product/227103520,2026-05-12 17:17,펠로우즈 라이징 싱글 모니터암 화이트,,,UNKNOWN,N,,SALE,,,,,UNKNOWN
모니터,중고나라,227119089,에이메카 AM-207LE -LED 20인치 led 모니터 19000원,19000,판매중,,https://img2.joongna.com/media/original/2026/04/04/1775293892668WPP_KScvf.jpg?impolicy=thumb&size=150,https://web.joongna.com/product/227119089,2026-05-12 17:12,에이메카 am-207le -led 20인치 led 모니터 19000원,,,UNKNOWN,N,,SALE,,,,,UNKNOWN
모니터,중고나라,228523611,180hz wqhd ips 27인치 msi 모니터 팝니다.,120000,판매중,,https://img2.joongna.com/media/original/2026/05/12/1778576119169QGH_Jyo2a.jpg?impolicy=thumb&size=150,https://web.joongna.com/product/228523611,2026-05-12 17:55,180hz wqhd ips 27인치 msi 모니터 .,,,UNKNOWN,N,,SALE,,,,,UNKNOWN
모니터,중고나라,228523290,신품급 엘탁스 모니터1 mk2,108000,판매중,,https://img2.joongna.com/media/original/2026/05/12/1778575640564B2p_PahOC.jpg?impolicy=thumb&size=150,https://web.joongna.com/product/228523290,2026-05-12 17:47,신품급 엘탁스 모니터1 mk2,,,UNKNOWN,N,,SALE,,,,,UNKNOWN
모니터,중고나라,228523270,가민 어프로치 R10 골프 런치 모니터,450000,판매중,,https://img2.joongna.com/media/original/2026/05/12/1778575604197L96_3ikJ5.jpg?impolicy=thumb&size=150,https://web.joongna.com/product/228523270,2026-05-12 17:46,가민 어프로치 r10 골프 런치 모니터,,,UNKNOWN,N,,SALE,,,,,UNKNOWN
모니터,중고나라,227941026,니로 sg2 4.2인치 계기판 모니터 일체형 판매합니다.,300000,판매중,,https://img2.joongna.com/media/original/2026/04/26/1777173595141iq9_CM2M1.jpg?impolicy=thumb&size=150,https://web.joongna.com/product/227941026,2026-05-12 17:46,니로 sg2 4.2인치 계기판 모니터 일체형 .,,,UNKNOWN,N,,SALE,,,,,UNKNOWN
모니터,중고나라,228424532,10.1인치 eyoyo 라즈베리파이_터치모니터 팝니다,65000,판매중,,https://img2.joongna.com/media/original/2026/05/09/1778327552183UNn_jHaPK.jpg?impolicy=thumb&size=150,https://web.joongna.com/product/228424532,2026-05-12 17:43,10.1인치 eyoyo 라즈베리파이_터치모니터,,,UNKNOWN,N,,SALE,,,,,UNKNOWN
모니터,중고나라,228522560,한성 43인치 120HZ USB-C 화이트 IPS 게이밍 와이드 모니터(미사용),250000,판매중,,https://img2.joongna.com/media/original/2026/05/12/1778574530743FHa_ay2Os.jpg?impolicy=thumb&size=150,https://web.joongna.com/product/228522560,2026-05-12 17:28,한성 43인치 120hz usb-c 화이트 ips 게이밍 와이드 모니터(미사용),,,UNKNOWN,N,,SALE,,,,,UNKNOWN
모니터,중고나라,228460245,LG 모니터 받침대 32GK650F,15000,판매중,,https://img2.joongna.com/media/original/2026/05/10/1778418084280lgo_YqibX.jpg?impolicy=thumb&size=150,https://web.joongna.com/product/228460245,2026-05-12 17:26,lg 모니터 받침대 32gk650f,,,UNKNOWN,N,,SALE,,,,,UNKNOWN
모니터,중고나라,227369148,아이맥 27인치 5k 모니터로 개조해 드립니다. 개조모니터,330000,판매중,,https://img2.joongna.com/media/original/2026/04/11/1775861271398TBE_nGXF4.jpeg?impolicy=thumb&size=150,https://web.joongna.com/product/227369148,2026-05-12 17:25,아이맥 27인치 5k 모니터로 개조해 드립니다. 개조모니터,,,UNKNOWN,N,,SALE,,,,,UNKNOWN
모니터,중고나라,228522373,27인치 게이밍 모니터,150000,판매중,,https://img2.joongna.com/media/original/2026/05/12/1778574256677Ce9_UxfNE.jpg?impolicy=thumb&size=150,https://web.joongna.com/product/228522373,2026-05-12 17:24,27인치 게이밍 모니터,,,UNKNOWN,N,,SALE,,,,,UNKNOWN
모니터,중고나라,228016618,아우디 a6 c7 mmi 모니터 판매합니다.,150000,판매중,,https://img2.joongna.com/media/original/2026/04/28/1777349238695cxI_u3Lif.jpg?impolicy=thumb&size=150,https://web.joongna.com/product/228016618,2026-05-12 17:19,아우디 a6 c7 mmi 모니터 .,,,UNKNOWN,N,,SALE,,,,,UNKNOWN
모니터,중고나라,228045074,고사양 완본체 + 300hz 모니터,3210000,판매중,,https://img2.joongna.com/media/original/2026/04/29/1777416598662rAq_WOS0H.jpg?impolicy=thumb&size=150,https://web.joongna.com/product/228045074,2026-05-12 17:14,고사양 완본체 + 300hz 모니터,,,desktop,N,,SALE,,,,,UNKNOWN
모니터,중고나라,228521928,삼성 24인치 모니터 LS24F354,60000,판매중,,https://img2.joongna.com/media/original/2026/05/12/1778573526979OtC_EEb3w.jpg?impolicy=thumb&size=150,https://web.joongna.com/product/228521928,2026-05-12 17:12,삼성 24인치 모니터 ls24f354,,,UNKNOWN,N,,SALE,,,,,UNKNOWN
모니터,중고나라,228521864,32인치모니타 4k모니터 삼성u32j590 삼성 모니터 팝니다,210000,판매중,,https://img2.joongna.com/media/original/2026/05/12/1778573431681Ih4_M1xr9.jpg?impolicy=thumb&size=150,https://web.joongna.com/product/228521864,2026-05-12 17:10,32인치모니타 4k모니터 삼성u32j590 삼성 모니터,,,UNKNOWN,N,,SALE,,,,,UNKNOWN
모니터,중고나라,228517737,LG 24인치 사무실용 LED B급 모니터 팝니다.,30000,판매중,,https://img2.joongna.com/media/original/2026/05/12/1778566814320mc3_Jkndu.JPEG?impolicy=thumb&size=150,https://web.joongna.com/product/228517737,2026-05-12 17:07,lg 24인치 사무실용 led b급 모니터 .,,,UNKNOWN,N,,SALE,,,,,UNKNOWN
모니터,중고나라,228285510,듀얼 모니터 KVM 스위치,45000,판매중,,https://img2.joongna.com/media/original/2026/05/05/1777986751185XHl_6DZsn.jpg?impolicy=thumb&size=150,https://web.joongna.com/product/228285510,2026-05-12 17:05,듀얼 모니터 kvm 스위치,,,UNKNOWN,N,,SALE,,,,,UNKNOWN
모니터,중고나라,228028165,먼작귀 모니터 랜덤 피규어,4000,판매중,,https://img2.joongna.com/media/original/2026/04/28/1777367211618dLr_TtmSj.jpg?impolicy=thumb&size=150,https://web.joongna.com/product/228028165,2026-05-12 17:04,먼작귀 모니터 랜덤 피규어,,,UNKNOWN,N,,SALE,,,,,UNKNOWN
모니터,중고나라,228240964,JBL 4311B CONTROL MONITOR 스피커,1400000,판매중,,https://img2.joongna.com/media/original/2026/05/04/1777884039332iaK_r4ILs.JPG?impolicy=thumb&size=150,https://web.joongna.com/product/228240964,2026-05-12 16:24,jbl 4311b control monitor 스피커,,,UNKNOWN,N,,SALE,,,,,UNKNOWN
모니터,중고나라,227766871,(마지막 가격수정)LG전자 끝판왕 32인치 울트라HD 모니터 32UL950 모델팝니다,720000,판매중,,https://img2.joongna.com/media/original/2026/04/21/1776759944031XYb_BHlhf.jpg?impolicy=thumb&size=150,https://web.joongna.com/product/227766871,2026-05-12 16:21,(마지막 가격수정)lg전자 끝판왕 32인치 울트라hd 모니터 32ul950 모델,,,UNKNOWN,N,,SALE,,,,,UNKNOWN
모니터,중고나라,228520952,iLoud Micro Monitor Pro 스피커,400000,판매중,,https://img2.joongna.com/media/original/2026/05/12/1778572056065ma5_dh6Ps.jpg?impolicy=thumb&size=150,https://web.joongna.com/product/228520952,2026-05-12 16:47,iloud micro monitor pro 스피커,,,UNKNOWN,N,,SALE,,,,,UNKNOWN
모니터,중고나라,228520619,에일리언웨어 AW3225QF 32인치 QD-OLED 게이밍 모니터,950000,판매중,,https://img2.joongna.com/media/original/2026/05/12/1778571577902Svm_npRW0.jpg?impolicy=thumb&size=150,https://web.joongna.com/product/228520619,2026-05-12 16:39,에일리언웨어 aw3225qf 32인치 qd-oled 게이밍 모니터,,,UNKNOWN,N,,SALE,,,,,UNKNOWN
모니터,중고나라,228520058,JBL 305P MKII 모니터 스피커 풀박 1조 판매,250000,판매중,,https://img2.joongna.com/media/original/2026/05/12/1778570702744uDO_htx4c.jpg?impolicy=thumb&size=150,https://web.joongna.com/product/228520058,2026-05-12 16:25,jbl 305p mkii 모니터 스피커 1조,,,UNKNOWN,N,,SALE,,,,,UNKNOWN
모니터,중고나라,228345703,i5 11세대 mx350 노트북+ 15인치 보조모니터,430000,판매중,,https://img2.joongna.com/media/original/2026/05/07/1778138032395C8C_6I8Qb.jpg?impolicy=thumb&size=150,https://web.joongna.com/product/228345703,2026-05-12 16:17,i5 11세대 mx350 노트북+ 15인치 보조모니터,,,laptop,N,,SALE,,,,,UNKNOWN
모니터,중고나라,228521274,asus XG259QNS-W 380hz 게이밍 모니터,220000,판매중,,https://img2.joongna.com/media/original/2026/05/12/1778572519868uBy_GiGAX.jpg?impolicy=thumb&size=150,https://web.joongna.com/product/228521274,2026-05-12 16:55,asus xg259qns-w 380hz 게이밍 모니터,,,UNKNOWN,N,,SALE,,,,,UNKNOWN
모니터,중고나라,228207306,Msi mp275 100hz 27인치 모니터 처분!,100000,판매중,,https://img2.joongna.com/media/original/2026/05/03/1777803361517cZW_dCtjO.jpg?impolicy=thumb&size=150,https://web.joongna.com/product/228207306,2026-05-12 16:42,msi mp275 100hz 27인치 모니터 처분!,,,UNKNOWN,N,,SALE,,,,,UNKNOWN
모니터,중고나라,227298016,모니터 메모보드 새상품,500,판매중,,https://img2.joongna.com/media/original/2026/04/09/1775703443526yXo_On5Od.jpg?impolicy=thumb&size=150,https://web.joongna.com/product/227298016,2026-05-12 16:36,모니터 메모보드,,,UNKNOWN,N,,SALE,,,,,UNKNOWN
모니터,중고나라,228519882,LG 27GS85Q 모니터 등급제품,288000,판매중,,https://img2.joongna.com/media/original/2026/05/12/17785703766005Zv_U0kPA.jpg?impolicy=thumb&size=150,https://web.joongna.com/product/228519882,2026-05-12 16:19,lg 27gs85q 모니터 등급제품,,,UNKNOWN,N,,SALE,,,,,UNKNOWN
모니터,중고나라,228465112,HP Z24n G3 WUXGA 모니터 판매합니다. (미개봉),290000,판매중,,https://img2.joongna.com/media/original/2026/05/11/1778429427815SpH_LrxHz.jpg?impolicy=thumb&size=150,https://web.joongna.com/product/228465112,2026-05-12 16:59,hp z24n g3 wuxga 모니터 . (),,,UNKNOWN,N,,SALE,,,,,UNKNOWN
모니터,중고나라,228521285,엠지텍 건강 모니터링 바이오 스마트링 10호 미사용,93000,판매중,,https://img2.joongna.com/media/original/2026/05/12/1778572540253AZQ_0mHJA.jpg?impolicy=thumb&size=150,https://web.joongna.com/product/228521285,2026-05-12 16:55,엠지텍 건강 모니터링 바이오 스마트링 10호 미사용,,,UNKNOWN,N,,SALE,,,,,UNKNOWN
모니터,중고나라,228520984,삼성 32인치모니터,250000,판매중,,https://img2.joongna.com/media/original/2026/05/12/1778572100213GbE_UiQcP.jpg?impolicy=thumb&size=150,https://web.joongna.com/product/228520984,2026-05-12 16:48,삼성 32인치모니터,,,UNKNOWN,N,,SALE,,,,,UNKNOWN
모니터,중고나라,228520672,데스크탑 컴퓨터 사무용 i5 7400 +모니터포함성남시,130000,판매중,,https://img2.joongna.com/media/original/2026/05/12/1778571662914ZJC_V66M3.jpg?impolicy=thumb&size=150,https://web.joongna.com/product/228520672,2026-05-12 16:41,데스크탑 컴퓨터 사무용 i5 7400 +모니터포함성남시,,,desktop,N,,SALE,I5 7400,,,,UNKNOWN
모니터,중고나라,228520452,SM7 뉴아트 공조패널 및 INS모니터,100000,판매중,,https://img2.joongna.com/media/original/2026/05/12/1778571344246mOi_oFD0e.jpg?impolicy=thumb&size=150,https://web.joongna.com/product/228520452,2026-05-12 16:35,sm7 뉴아트 공조패널 및 ins모니터,,,UNKNOWN,N,,SALE,,,,,UNKNOWN
모니터,중고나라,228520214,LG 27인치 QHD 75hz 모니터(27qn600),125000,판매중,,https://img2.joongna.com/media/original/2026/05/12/1778570993445Xwq_aVXTZ.jpg?impolicy=thumb&size=150,https://web.joongna.com/product/228520214,2026-05-12 16:29,lg 27인치 qhd 75hz 모니터(27qn600),,,UNKNOWN,N,,SALE,,,,,UNKNOWN
모니터,중고나라,228520076,게이밍 모니터용 마우스패드 + 어댑터 세트,6900000,판매중,,https://img2.joongna.com/media/original/2026/05/12/1778570731403Lao_irK2N.jpg?impolicy=thumb&size=150,https://web.joongna.com/product/228520076,2026-05-12 16:25,게이밍 모니터용 마우스패드 + 어댑터 세트,,,ADAPTER,Y,,SALE,,,,,UNKNOWN
모니터,중고나라,227501092,스마트 터치 43인치 터치 모니터,600000,판매중,,https://img2.joongna.com/media/original/2026/04/14/1776152888544q6z_YKfNW.jpg?impolicy=thumb&size=150,https://web.joongna.com/product/227501092,2026-05-12 16:25,스마트 터치 43인치 터치 모니터,,,UNKNOWN,N,,SALE,,,,,UNKNOWN
모니터,중고나라,197746103,7인치룸미러 모니터 30대,1800000,판매중,,https://img2.joongna.com/media/original/2025/01/05/17360793183323zF_qZEes.jpg?impolicy=thumb&size=150,https://web.joongna.com/product/197746103,2026-05-12 16:11,7인치룸미러 모니터 30대,,,UNKNOWN,N,,SALE,,,,,UNKNOWN
모니터,중고나라,197746029,7인치룸미러 모니터 30대,1800000,판매중,,https://img2.joongna.com/media/original/2025/01/05/1736079269292BTK_WE0Jx.jpg?impolicy=thumb&size=150,https://web.joongna.com/product/197746029,2026-05-12 16:11,7인치룸미러 모니터 30대,,,UNKNOWN,N,,SALE,,,,,UNKNOWN
모니터,중고나라,228386712,LG전자 24인치 모니터 가성비 모델 판매합니다,40000,판매중,,https://img2.joongna.com/media/original/2026/05/08/1778233800799WJn_1zlUF.jpg?impolicy=thumb&size=150,https://web.joongna.com/product/228386712,2026-05-12 16:04,lg전자 24인치 모니터 가성비 모델,,,UNKNOWN,N,,SALE,,,,,UNKNOWN
모니터,중고나라,228097058,카멜 모니터 헤드레스트 거치대,20000,판매중,,https://img2.joongna.com/media/original/2026/04/30/177752960471600O_tV1zo.jpg?impolicy=thumb&size=150,https://web.joongna.com/product/228097058,2026-05-12 16:02,카멜 모니터 헤드레스트 거치대,,,STAND,Y,,SALE,,,,,UNKNOWN
모니터,중고나라,228017489,"32인치 LG 화이트톤 IPS 모니터입니다. 집에서 깨끗하게 사용했고, 상태 좋습니다. 직거래하시면 좋을 것 같아요",90000,판매중,,https://img2.joongna.com/media/original/2026/04/28/1777350674396YKK_8bvzn.jpg?impolicy=thumb&size=150,https://web.joongna.com/product/228017489,2026-05-12 15:43,"32인치 lg 화이트톤 ips 모니터입니다. 집에서 하게 사용했고, 상태 좋습니다. 하시면 좋을 것 같아요",,,UNKNOWN,N,,SALE,,,,,UNKNOWN
모니터,중고나라,228122972,네오지오 AES 풀박스 + 삼성 21인치 방송용모니터+킹오브94 팩,1900000,판매중,,https://img2.joongna.com/media/original/2026/05/01/17776000830223SI_8IJxZ.jpg?impolicy=thumb&size=150,https://web.joongna.com/product/228122972,2026-05-12 15:25,네오지오 aes 스 + 삼성 21인치 방송용모니터+킹오브94 팩,,,UNKNOWN,N,,SALE,,,,,UNKNOWN
모니터,중고나라,228331172,"엠오디오 4080, M-Audio forty eighty 8인치 모니터 스피커, 엑티브 스피커 한조 2통",350000,판매중,,https://img2.joongna.com/media/original/2026/05/08/1778205524116omx_amzqg.jpg?impolicy=thumb&size=150,https://web.joongna.com/product/228331172,2026-05-12 15:11,"엠오디오 4080, m-audio forty eighty 8인치 모니터 스피커, 엑티브 스피커 한조 2통",,,UNKNOWN,N,,SALE,,,,,UNKNOWN
모니터,중고나라,228218162,Dell 모니터 P3225QE 미개봉,640000,판매중,,https://img2.joongna.com/media/original/2026/05/04/1777825519736G2C_V4HwS.jpg?impolicy=thumb&size=150,https://web.joongna.com/product/228218162,2026-05-12 15:46,dell 모니터 p3225qe,,,UNKNOWN,N,,SALE,,,,,UNKNOWN
모니터,중고나라,228518626,Dell 에일리언웨어 aw2725d oled 모니터,490000,판매중,,https://img2.joongna.com/media/original/2026/05/12/1778568303860d8b_g5MsE.jpg?impolicy=thumb&size=150,https://web.joongna.com/product/228518626,2026-05-12 15:45,dell 에일리언웨어 aw2725d oled 모니터,,,UNKNOWN,N,,SALE,,,,,UNKNOWN
모니터,중고나라,226953006,[새제품] DELL 정품 모니터 스탠드,20000,판매중,,https://img2.joongna.com/media/original/2026/03/31/1774935040072Fqe_AaEl2.jpg?impolicy=thumb&size=150,https://web.joongna.com/product/226953006,2026-05-12 15:31,[새제품] dell 모니터 스탠드,,,UNKNOWN,N,,SALE,,,,,UNKNOWN
모니터,중고나라,228473614,[새제품] GMASTAR 지마스타 24인치 모니터 판매합니다,49000,판매중,,https://img2.joongna.com/media/original/2026/05/11/1778467287856lKw_5vzLJ.png?impolicy=thumb&size=150,https://web.joongna.com/product/228473614,2026-05-12 15:59,[새제품] gmastar 지마스타 24인치 모니터,,,UNKNOWN,N,,SALE,,,,,UNKNOWN
모니터,중고나라,228010297,르젠 모던BLDC레트로선풍기+레이싱벽시계/아이폰 엘지삼성tv모니터 게이밍모니터 오락기 가구가전인테리어 러닝캠핑,84900,판매중,,https://img2.joongna.com/media/original/2026/04/28/1777339065799ODd_fGdtA.JPG?impolicy=thumb&size=150,https://web.joongna.com/product/228010297,2026-05-12 15:36,르젠 모던bldc레트로선풍기+레이싱벽시계/아이폰 엘지삼성tv모니터 게이밍모니터 오락기 가구가전인테리어 러닝캠핑,애플,,smartphone,N,,SALE,,,,,UNKNOWN
모니터,중고나라,228508304,벤큐XL2540X+ 모니터 미개봉 판매,500000,판매중,,https://img2.joongna.com/media/original/2026/05/12/1778551230652jXu_t22q3.jpg?impolicy=thumb&size=150,https://web.joongna.com/product/228508304,2026-05-12 15:32,벤큐xl2540x+ 모니터,,,UNKNOWN,N,,SALE,,,,,UNKNOWN
모니터,중고나라,228261458,심볼 M7 프리뷰모니터 새제품급,300000,판매중,,https://img2.joongna.com/media/original/2026/05/05/1777946244134TtX_xP2UK.jpg?impolicy=thumb&size=150,https://web.joongna.com/product/228261458,2026-05-12 15:29,심볼 m7 프리뷰모니터 새제품급,,,UNKNOWN,N,,SALE,,,,,UNKNOWN
모니터,중고나라,228517844,한성 27인치 게이밍 모니터 판매합니다.,120000,판매중,,https://img2.joongna.com/media/original/2026/05/12/1778567030696Tmj_bDWmo.jpg?impolicy=thumb&size=150,https://web.joongna.com/product/228517844,2026-05-12 15:23,한성 27인치 게이밍 모니터 .,,,UNKNOWN,N,,SALE,,,,,UNKNOWN
모니터,중고나라,228350578,사진 속 PC 본체 모니터 판매해요,360000,판매중,,https://img2.joongna.com/media/original/2026/05/07/1778146264912SY1_Hv5re.jpg?impolicy=thumb&size=150,https://web.joongna.com/product/228350578,2026-05-12 15:07,사진 속 pc 본체 모니터 해요,,,desktop,N,,SALE,,,,,UNKNOWN
모니터,중고나라,228517212,lg 32gq950 4k 게이밍모니터,530000,판매중,,https://img2.joongna.com/media/original/2026/05/12/177856600619200X_qvq2x.jpg?impolicy=thumb&size=150,https://web.joongna.com/product/228517212,2026-05-12 15:06,lg 32gq950 4k 게이밍모니터,,,UNKNOWN,N,,SALE,,,,,UNKNOWN
모니터,중고나라,228517196,"가람 32인치 240Hz 모니터 판매!(사무,게임,주식,영상용,CAD)",170000,판매중,,https://img2.joongna.com/media/original/2026/05/12/1778565886947Lqj_OwT0m.jpg?impolicy=thumb&size=150,https://web.joongna.com/product/228517196,2026-05-12 15:06,"가람 32인치 240hz 모니터 !(사무,게임,주식,영상용,cad)",,,UNKNOWN,N,,SALE,,,,,UNKNOWN
모니터,중고나라,227884906,LG전자 16MQ70.ASDK 외장모니터,180000,판매중,,https://img2.joongna.com/media/original/2026/04/24/1777024447387RJ6_hc5K6.jpg?impolicy=thumb&size=150,https://web.joongna.com/product/227884906,2026-05-12 15:06,lg전자 16mq70.asdk 외장모니터,,,UNKNOWN,N,,SALE,,,,,UNKNOWN
모니터,중고나라,228517095,"TG 24인치 모니터 판매!(사무,게임,주식,CCTV,CAD,영상용)",60000,판매중,,https://img2.joongna.com/media/original/2026/05/12/17785657700139dh_p3cQl.jpg?impolicy=thumb&size=150,https://web.joongna.com/product/228517095,2026-05-12 15:03,"tg 24인치 모니터 !(사무,게임,주식,cctv,cad,영상용)",,,UNKNOWN,N,,SALE,,,,,UNKNOWN
모니터,중고나라,228517010,"벤큐 27인치 144Hz 모니터 판매!(사무,게임,주식,영상용,CAD)",160000,판매중,,https://img2.joongna.com/media/original/2026/05/12/1778565613700IX4_K2aAn.jpg?impolicy=thumb&size=150,https://web.joongna.com/product/228517010,2026-05-12 15:01,"벤큐 27인치 144hz 모니터 !(사무,게임,주식,영상용,cad)",,,UNKNOWN,N,,SALE,,,,,UNKNOWN
모니터,중고나라,226147516,모니터 오디오 Monitor Audio Studio 스피커,720000,판매중,,https://img2.joongna.com/media/original/2026/03/10/1773143272941yRx_7CdX9.jpg?impolicy=thumb&size=150,https://web.joongna.com/product/226147516,2026-05-12 14:14,모니터 오디오 monitor audio studio 스피커,,,UNKNOWN,N,,SALE,,,,,UNKNOWN
모니터,중고나라,228063168,Barefoot Footprint 02 모니터스피커 팝니다,2800000,판매중,,https://img2.joongna.com/media/original/2026/04/29/1777447897991jg5_CVrzY.jpg?impolicy=thumb&size=150,https://web.joongna.com/product/228063168,2026-05-12 14:49,barefoot footprint 02 모니터스피커,,,UNKNOWN,N,,SALE,,,,,UNKNOWN
모니터,중고나라,228222453,크로스오버 27인치 나노IPS 165hz 게이밍 모니터,160000,판매중,,https://img2.joongna.com/media/original/2026/05/04/1777854360549dlF_DVOOy.jpg?impolicy=thumb&size=150,https://web.joongna.com/product/228222453,2026-05-12 14:57,크로스오버 27인치 나노ips 165hz 게이밍 모니터,,,UNKNOWN,N,,SALE,,,,,UNKNOWN
모니터,중고나라,228221894,LG 울트라기어 나노ips 게이밍 모니터 (32GS85Q) 180hz,400000,판매중,,https://img2.joongna.com/media/original/2026/05/04/1777852982016kSp_2UM1t.jpg?impolicy=thumb&size=150,https://web.joongna.com/product/228221894,2026-05-12 14:57,lg 울트라기어 나노ips 게이밍 모니터 (32gs85q) 180hz,,,UNKNOWN,N,,SALE,,,,,UNKNOWN
모니터,중고나라,228516793,벤큐 4K UHD 27인치 모니터 MA270U,560000,판매중,,https://img2.joongna.com/media/original/2026/05/12/1778565232278i8z_XpVOj.jpg?impolicy=thumb&size=150,https://web.joongna.com/product/228516793,2026-05-12 14:53,벤큐 4k uhd 27인치 모니터 ma270u,,,UNKNOWN,N,,SALE,,,,,UNKNOWN
모니터,중고나라,228516495,델 울트라 샤프 120HZ 4K UHD 27인치 모니터 2725QE,680000,판매중,,https://img2.joongna.com/media/original/2026/05/12/1778564753145gLu_cIem7.jpg?impolicy=thumb&size=150,https://web.joongna.com/product/228516495,2026-05-12 14:45,델 울트라 샤프 120hz 4k uhd 27인치 모니터 2725qe,,,UNKNOWN,N,,SALE,,,,,UNKNOWN
모니터,중고나라,228168561,모니터 mini led 100hz 450nits 24g54팝니다.,80000,판매중,,https://img2.joongna.com/media/original/2026/05/02/17777054496055MI_gDU2o.jpg?impolicy=thumb&size=150,https://web.joongna.com/product/228168561,2026-05-12 14:25,모니터 mini led 100hz 450nits 24g54.,,,UNKNOWN,N,,SALE,,,,,UNKNOWN
모니터,중고나라,228065817,모니터 판매합니다,30000,판매중,,https://img2.joongna.com/media/original/2026/04/29/1777452018058Zyj_7baWR.jpg?impolicy=thumb&size=150,https://web.joongna.com/product/228065817,2026-05-12 14:20,모니터,,,UNKNOWN,N,,SALE,,,,,UNKNOWN
모니터,중고나라,228437067,강원전자 모니터 선택기 NETmate HDMI 2.0 2:1 선택기 (NM-HSU201),6000,판매중,,https://img2.joongna.com/media/original/2026/05/10/1778376868368tc2_OHP2W.jpg?impolicy=thumb&size=150,https://web.joongna.com/product/228437067,2026-05-12 14:59,강원전자 모니터 선택기 netmate hdmi 2.0 2:1 선택기 (nm-hsu201),,,UNKNOWN,N,,SALE,,,,,UNKNOWN
모니터,중고나라,228516940,"배틀지 32인치 180Hz 모니터 판매!(게임,사무,주식,영상용,CAD)",150000,판매중,,https://img2.joongna.com/media/original/2026/05/12/1778565352042tch_y1fua.jpg?impolicy=thumb&size=150,https://web.joongna.com/product/228516940,2026-05-12 14:58,"배틀지 32인치 180hz 모니터 !(게임,사무,주식,영상용,cad)",,,UNKNOWN,N,,SALE,,,,,UNKNOWN
모니터,중고나라,228442105,애플 30인치 모니터 (시네마디스플레이 A1083),180000,판매중,,https://img2.joongna.com/media/original/2026/05/10/17783863239439H9_Z0nIu.jpg?impolicy=thumb&size=150,https://web.joongna.com/product/228442105,2026-05-12 14:57,애플 30인치 모니터 (시네마디스플레이 a1083),,,UNKNOWN,N,,SALE,,,,,UNKNOWN
모니터,중고나라,228516747,"큐닉스 32인치 240Hz 모니터 판매!(게임,사무,주식,영상용,CAD)",170000,판매중,,https://img2.joongna.com/media/original/2026/05/12/1778565056311cdD_xPD4N.jpg?impolicy=thumb&size=150,https://web.joongna.com/product/228516747,2026-05-12 14:52,"큐닉스 32인치 240hz 모니터 !(게임,사무,주식,영상용,cad)",,,UNKNOWN,N,,SALE,,,,,UNKNOWN
모니터,중고나라,228516679,VEOUT 포터블 모니터(15.6인치),55000,판매중,,https://img2.joongna.com/media/original/2026/05/12/1778565048169ftA_TZRyx.jpg?impolicy=thumb&size=150,https://web.joongna.com/product/228516679,2026-05-12 14:50,veout 포터블 모니터(15.6인치),,,UNKNOWN,N,,SALE,,,,,UNKNOWN
모니터,중고나라,228398317,벤큐 게이밍 모니터 XL2411K 팝니다 풀박스구성,180000,판매중,,https://img2.joongna.com/media/original/2026/05/09/1778315959929hdm_sAiq2.jpg?impolicy=thumb&size=150,https://web.joongna.com/product/228398317,2026-05-12 14:48,벤큐 게이밍 모니터 xl2411k 스구성,,,UNKNOWN,N,,SALE,,,,,UNKNOWN
모니터,중고나라,228307500,카멜 프리즘 FHD 서브모니터,80000,판매중,,https://img2.joongna.com/media/original/2026/05/06/1778049302908vdA_NvkUa.jpg?impolicy=thumb&size=150,https://web.joongna.com/product/228307500,2026-05-12 14:37,카멜 프리즘 fhd 서브모니터,,,UNKNOWN,N,,SALE,,,,,UNKNOWN
모니터,중고나라,228238489,한성 24인치 FHD 게이밍 모니터 180Hz 배그 서든 발로란트 오버워치,78000,판매중,,https://img2.joongna.com/media/original/2026/05/04/1777880678979bfz_F7VlQ.jpg?impolicy=thumb&size=150,https://web.joongna.com/product/228238489,2026-05-12 14:29,한성 24인치 fhd 게이밍 모니터 180hz 배그 서든 발로란트 오버워치,,,UNKNOWN,N,,SALE,,,,,UNKNOWN
모니터,중고나라,228515917,에디파이어 MR3 국내 정발 모델 -> 브리츠 BR-Monitor5 모니터링 블루투스 북쉘프 스피커[미개봉],100000,판매중,,https://img2.joongna.com/media/original/2026/05/12/1778563710319DYC_xjtSY.jpg?impolicy=thumb&size=150,https://web.joongna.com/product/228515917,2026-05-12 14:29,에디파이어 mr3 국내 정발 모델 -> 브리츠 br-monitor5 모니터링 블루투스 북쉘프 스피커[],,,UNKNOWN,N,,SALE,,,,,UNKNOWN
모니터,중고나라,228515663,(미개봉)삼성전자 삼성 스마트모니터 M5 M50D 80~81cm(32인치),220000,판매중,,https://img2.joongna.com/media/original/2026/05/12/1778563338487jrK_kqgcX.jpg?impolicy=thumb&size=150,https://web.joongna.com/product/228515663,2026-05-12 14:22,()삼성전자 삼성 스마트모니터 m5 m50d 80~81cm(32인치),,,UNKNOWN,N,,SALE,,,,,UNKNOWN
모니터,중고나라,228515632,벤큐 모비우스 EX2710Q 무결점 27인치 165Hz 게이밍 모니터 팝니다.,240000,판매중,,https://img2.joongna.com/media/original/2026/05/12/17785570228577N0_imEwz.jpg?impolicy=thumb&size=150,https://web.joongna.com/product/228515632,2026-05-12 14:21,벤큐 모비우스 ex2710q 무결점 27인치 165hz 게이밍 모니터 .,,,UNKNOWN,N,,SALE,,,,,UNKNOWN
모니터,중고나라,228478107,LG 43인치 사이니지 LED 모니터 판매,80000,판매중,,https://img2.joongna.com/media/original/2026/05/11/1778474942122bmR_zCyXn.jpg?impolicy=thumb&size=150,https://web.joongna.com/product/228478107,2026-05-12 14:20,lg 43인치 사이니지 led 모니터,,,UNKNOWN,N,,SALE,,,,,UNKNOWN
모니터,중고나라,228515408,LG 32인치모니터(32MN500MW)판매_2대 보유.,150000,판매중,,https://img2.joongna.com/media/original/2026/05/12/1778562948383PcH_MoBHY.jpg?impolicy=thumb&size=150,https://web.joongna.com/product/228515408,2026-05-12 14:15,lg 32인치모니터(32mn500mw)_2대 보유.,,,UNKNOWN,N,,SALE,,,,,UNKNOWN
모니터,중고나라,228515383,dell u2913wm 모니터 판매합니다.21:9,50000,판매중,,https://img2.joongna.com/media/original/2026/05/12/1778562856804mx6_dFFDV.jpg?impolicy=thumb&size=150,https://web.joongna.com/product/228515383,2026-05-12 14:15,dell u2913wm 모니터 .21:9,,,UNKNOWN,N,,SALE,,,,,UNKNOWN
모니터,중고나라,228198389,삼성 24인치 모니터,50000,판매중,,https://img2.joongna.com/media/original/2026/05/03/1777787921596Kf9_8OxHm.jpg?impolicy=thumb&size=150,https://web.joongna.com/product/228198389,2026-05-12 14:06,삼성 24인치 모니터,,,UNKNOWN,N,,SALE,,,,,UNKNOWN
모니터,중고나라,228230374,미개봉 LG모니터 27인치모니터 27U411A,130000,판매중,,https://img2.joongna.com/media/original/2026/05/04/1777868567442Z9y_5uIVN.jpg?impolicy=thumb&size=150,https://web.joongna.com/product/228230374,2026-05-12 14:05,lg모니터 27인치모니터 27u411a,,,UNKNOWN,N,,SALE,,,,,UNKNOWN
모니터,중고나라,227380645,LG32UN650 4k모니터팝니다.,280000,판매중,,https://img2.joongna.com/media/original/2026/04/11/17758831713892qM_kRVUR.jpg?impolicy=thumb&size=150,https://web.joongna.com/product/227380645,2026-05-12 13:36,lg32un650 4k모니터.,,,UNKNOWN,N,,SALE,,,,,UNKNOWN
모니터,중고나라,218156073,삼성 오디세이 Neo G8 S32BG850 모니터,600000,판매중,,https://img2.joongna.com/cafe-article-data/live/2025/08/25/1115289713/1756083196040_003_Gq1ls_main.png?impolicy=thumb&size=150,https://web.joongna.com/product/218156073,2026-05-12 13:23,삼성 오디세이 neo g8 s32bg850 모니터,,,UNKNOWN,N,,SALE,,,,,UNKNOWN
모니터,중고나라,228265140,LG전자 울트라기어 27GS95QE oled 게이밍모니터,530000,판매중,,https://img2.joongna.com/media/original/2026/05/05/17779524658206vS_PDs35.jpg?impolicy=thumb&size=150,https://web.joongna.com/product/228265140,2026-05-12 13:08,lg전자 울트라기어 27gs95qe oled 게이밍모니터,,,UNKNOWN,N,,SALE,,,,,UNKNOWN
모니터,중고나라,228217559,벤큐 XL2566K 모니터 (실사용 2달),700000,판매중,,https://img2.joongna.com/media/original/2026/05/04/17778228811003pq_XqG7D.jpg?impolicy=thumb&size=150,https://web.joongna.com/product/228217559,2026-05-12 13:32,벤큐 xl2566k 모니터 (실사용 2달),,,UNKNOWN,N,,SALE,,,,,UNKNOWN
모니터,중고나라,228138292,LG 32GP850 모니터 (상태S급),350000,판매중,,https://img2.joongna.com/media/original/2026/05/01/177762479365340o_7Sf79.jpg?impolicy=thumb&size=150,https://web.joongna.com/product/228138292,2026-05-12 13:31,lg 32gp850 모니터 (상태s급),,,UNKNOWN,N,,SALE,,,,,UNKNOWN
모니터,중고나라,227619666,삼성 오디세이 G90XF 27인치 3D 게이밍 모니터,1570000,판매중,,https://img2.joongna.com/media/original/2026/04/17/1776415444803GdC_xRb3K.jpg?impolicy=thumb&size=150,https://web.joongna.com/product/227619666,2026-05-12 13:17,삼성 오디세이 g90xf 27인치 3d 게이밍 모니터,,,UNKNOWN,N,,SALE,,,,,UNKNOWN
모니터,중고나라,226255870,GSW 32인치 144Hz 중고 모니터 팝니다~!,130000,거래완료,,https://img2.joongna.com/media/original/2026/03/13/1773384282157Act_fdEwL.jpg?impolicy=thumb&size=150,https://web.joongna.com/product/226255870,2026-05-12 13:48,gsw 32인치 144hz 중고 모니터 ~!,,,UNKNOWN,N,,SOLD,,,,,UNKNOWN
모니터,중고나라,226256164,LG 24인치 60Hz 중고 모니터 팝니다~!,60000,판매중,,https://img2.joongna.com/media/original/2026/03/13/1773384699578c9l_YoWgZ.jpg?impolicy=thumb&size=150,https://web.joongna.com/product/226256164,2026-05-12 13:46,lg 24인치 60hz 중고 모니터 ~!,,,UNKNOWN,N,,SALE,,,,,UNKNOWN
모니터,중고나라,227633373,"판매] IK Multimedia iLoud MTM MKII Black (Pair Bundle), 모니터 스피커",850000,판매중,,https://img2.joongna.com/media/original/2026/04/18/1776442554024Iym_t1BEx.jpeg?impolicy=thumb&size=150,https://web.joongna.com/product/227633373,2026-05-12 13:41,"] ik multimedia iloud mtm mkii black (pair bundle), 모니터 스피커",,,UNKNOWN,N,,SALE,,,,,UNKNOWN
모니터,중고나라,227547241,JBL4307모니터스피커/JBL-4307스피커/초민트급/신품대비98%,1800000,판매중,,https://img2.joongna.com/media/original/2026/04/15/1776249843534hEo_nlSrb.jpg?impolicy=thumb&size=150,https://web.joongna.com/product/227547241,2026-05-12 13:36,jbl4307모니터스피커/jbl-4307스피커/초민트급/신품대비98%,,,UNKNOWN,N,,SALE,,,,,UNKNOWN
모니터,중고나라,228514588,모니터 스피커,500000,판매중,,https://img2.joongna.com/media/original/2026/05/12/1778561635963ddl_b4Fkb.jpg?impolicy=thumb&size=150,https://web.joongna.com/product/228514588,2026-05-12 13:53,모니터 스피커,,,UNKNOWN,N,,SALE,,,,,UNKNOWN
모니터,중고나라,228514545,갤럭시북 4 pro 14인치(+제우스랩 z16lite 보조모니터) 구성,1050000,판매중,,https://img2.joongna.com/media/original/2026/05/12/17785614230208YO_kZd81.jpg?impolicy=thumb&size=150,https://web.joongna.com/product/228514545,2026-05-12 13:52,갤럭시북 4 pro 14인치(+제우스랩 z16lite 보조모니터) 구성,삼성,,smartphone,N,,SALE,,,,,UNKNOWN
모니터,중고나라,228248750,(새제품) 삼성 32인치 M5 스마트 모니터,230000,판매중,,https://img2.joongna.com/media/original/2026/05/04/1777898550341HiQ_OPBgW.jpg?impolicy=thumb&size=150,https://web.joongna.com/product/228248750,2026-05-12 13:51,(새제품) 삼성 32인치 m5 스마트 모니터,,,UNKNOWN,N,,SALE,,,,,UNKNOWN
모니터,중고나라,226802908,좋은DSI 24인치 75Hz 중고 모니터 팝니다(빛샘상품),55000,판매중,,https://img2.joongna.com/media/original/2026/03/27/1774591640853bWQ_QloHA.jpg?impolicy=thumb&size=150,https://web.joongna.com/product/226802908,2026-05-12 13:48,좋은dsi 24인치 75hz 중고 모니터 (빛샘상품),,,UNKNOWN,N,,SALE,,,,,UNKNOWN
모니터,중고나라,228514021,LG 울트라기어 32GQ950 모니터 판매,540000,판매중,,https://img2.joongna.com/media/original/2026/05/12/1778560736539zu8_LGhiV.jpg?impolicy=thumb&size=150,https://web.joongna.com/product/228514021,2026-05-12 13:38,lg 울트라기어 32gq950 모니터,,,UNKNOWN,N,,SALE,,,,,UNKNOWN
모니터,중고나라,228441673,LG 27GP850 모니터 (상태S급),340000,판매중,,https://img2.joongna.com/media/original/2026/05/10/1778385494403qQ5_nZi4q.jpg?impolicy=thumb&size=150,https://web.joongna.com/product/228441673,2026-05-12 13:37,lg 27gp850 모니터 (상태s급),,,UNKNOWN,N,,SALE,,,,,UNKNOWN
모니터,중고나라,228137523,삼성 S27AG520 모니터 (상태S급),210000,판매중,,https://img2.joongna.com/media/original/2026/05/01/1777623551423oTD_r3y1B.jpg?impolicy=thumb&size=150,https://web.joongna.com/product/228137523,2026-05-12 13:35,삼성 s27ag520 모니터 (상태s급),,,UNKNOWN,N,,SALE,,,,,UNKNOWN
모니터,중고나라,228513868,DELL 모니터 PC 세트 . gtx970 16램.,350000,판매중,,https://img2.joongna.com/media/original/2026/05/12/1778560460693Lll_bg4ci.jpg?impolicy=thumb&size=150,https://web.joongna.com/product/228513868,2026-05-12 13:34,dell 모니터 pc 세트 . gtx970 16램.,,,desktop,N,,SALE,,,,,UNKNOWN
모니터,중고나라,228256690,델 AW2523HF 모니터 360hz (상태S급) 풀박스 2523hf,430000,판매중,,https://img2.joongna.com/media/original/2026/05/05/1777933585155VsI_p7W9f.jpg?impolicy=thumb&size=150,https://web.joongna.com/product/228256690,2026-05-12 13:31,델 aw2523hf 모니터 360hz (상태s급) 스 2523hf,,,UNKNOWN,N,,SALE,,,,,UNKNOWN
모니터,중고나라,228223551,LG 27인치 4K 144Hz UHD모니터 27GR93U,460000,판매중,,https://img2.joongna.com/media/original/2026/05/04/1777856605502c3M_he8Zr.jpg?impolicy=thumb&size=150,https://web.joongna.com/product/228223551,2026-05-12 13:28,lg 27인치 4k 144hz uhd모니터 27gr93u,,,UNKNOWN,N,,SALE,,,,,UNKNOWN
모니터,중고나라,228123747,부품용 모니터 3대 - 개별판매 가능,11000,판매중,,https://img2.joongna.com/media/original/2026/05/01/177760143498154e_h3afT.jpg?impolicy=thumb&size=150,https://web.joongna.com/product/228123747,2026-05-12 13:27,부품용 모니터 3대 - 개별 가능,,,PARTS,Y,,SALE,,,,,UNKNOWN
모니터,중고나라,228378260,미개봉 사무용 모니터 24인치 4대 팝니다,180000,판매중,,https://img2.joongna.com/media/original/2026/05/08/17782192357855r8_h2Oux.jpg?impolicy=thumb&size=150,https://web.joongna.com/product/228378260,2026-05-12 13:27,사무용 모니터 24인치 4대,,,UNKNOWN,N,,SALE,,,,,UNKNOWN
모니터,중고나라,228413201,클레버 타키온 모니터 조명,15000,판매중,,https://img2.joongna.com/media/original/2026/05/09/1778306952445dPJ_JG1wd.jpg?impolicy=thumb&size=150,https://web.joongna.com/product/228413201,2026-05-12 13:24,클레버 타키온 모니터 조명,,,UNKNOWN,N,,SALE,,,,,UNKNOWN
모니터,중고나라,228513474,18인치 미니 led 포터블 모니터 (로그 긴빠이) 삽니다,250000,판매중,,https://img2.joongna.com/media/original/2026/05/12/1778559575427DTn_5VaOr.png?impolicy=thumb&size=150,https://web.joongna.com/product/228513474,2026-05-12 13:22,18인치 미니 led 포터블 모니터 (로그 긴빠이),,,UNKNOWN,N,,SALE,,,,,UNKNOWN
모니터,중고나라,228423134,aw2724hf 360hz 게이밍 모니터,330000,판매중,,https://img2.joongna.com/media/original/2026/05/09/1778324793924MDD_pJzJa.jpg?impolicy=thumb&size=150,https://web.joongna.com/product/228423134,2026-05-12 13:22,aw2724hf 360hz 게이밍 모니터,,,UNKNOWN,N,,SALE,,,,,UNKNOWN
모니터,중고나라,228211718,LG전자 28TK430D-PN 28인치 LED TV 모니터 팝니다.,48000,판매중,,https://img2.joongna.com/media/original/2026/05/03/1777811588718lQs_8wBhj.jpg?impolicy=thumb&size=150,https://web.joongna.com/product/228211718,2026-05-12 13:08,lg전자 28tk430d-pn 28인치 led tv 모니터 .,,,UNKNOWN,N,,SALE,,,,,UNKNOWN
모니터,중고나라,228512898,엘지 Qhd 편집용 모니터(24qp500),100000,판매중,,https://img2.joongna.com/media/original/2026/05/12/1778558933212ro7_dlBED.jpg?impolicy=thumb&size=150,https://web.joongna.com/product/228512898,2026-05-12 13:08,엘지 qhd 편집용 모니터(24qp500),,,UNKNOWN,N,,SALE,,,,,UNKNOWN
모니터,중고나라,228512758,미개봉 펠로우즈 모니터암 플렉스(FLEX) 모듈러 1FM 싱글,155000,판매중,,https://img2.joongna.com/media/original/2026/05/12/1778558713592IH8_oKECP.jpg?impolicy=thumb&size=150,https://web.joongna.com/product/228512758,2026-05-12 13:05,펠로우즈 모니터암 플렉스(flex) 모듈러 1fm 싱글,,,UNKNOWN,N,,SALE,,,,,UNKNOWN
모니터,중고나라,228436554,허먼밀러 올린 모니터암 랩탑거치대 포함,360000,판매중,,https://img2.joongna.com/media/original/2026/05/10/1778375719149WWJ_ggoIZ.jpg?impolicy=thumb&size=150,https://web.joongna.com/product/228436554,2026-05-12 12:23,허먼밀러 올린 모니터암 랩탑거치대 포함,,,STAND,Y,,SALE,,,,,UNKNOWN
모니터,중고나라,228052025,LG 울트라기어 커브드 34gs95qe OLED 게이밍모니터,800000,판매중,,https://img2.joongna.com/media/original/2026/04/29/1777433038905sf7_ONNZC.jpg?impolicy=thumb&size=150,https://web.joongna.com/product/228052025,2026-05-12 12:18,lg 울트라기어 커브드 34gs95qe oled 게이밍모니터,,,UNKNOWN,N,,SALE,,,,,UNKNOWN
모니터,중고나라,228319527,레노버 ThinkVision M15 휴대용 포터블 모니터,180000,판매중,,https://img2.joongna.com/media/original/2026/05/06/17780692426765YV_6dx8K.jpg?impolicy=thumb&size=150,https://web.joongna.com/product/228319527,2026-05-12 12:56,레노버 thinkvision m15 휴대용 포터블 모니터,,,UNKNOWN,N,,SALE,,,,,UNKNOWN
모니터,중고나라,228267935,소니 M1ST 모니터링 헤드폰,190000,판매중,,https://img2.joongna.com/media/original/2026/05/05/1777957371889c03_stTqS.jpg?impolicy=thumb&size=150,https://web.joongna.com/product/228267935,2026-05-12 12:34,소니 m1st 모니터링 헤드폰,,,UNKNOWN,N,,SALE,,,,,UNKNOWN
모니터,중고나라,228353940,서피스랩탑 인텔 i7 램 16G SSD 512G 터치모니터 15인치고해상도HDR,440000,판매중,,https://img2.joongna.com/media/original/2026/05/07/1778152229562ICF_Txmmp.jpg?impolicy=thumb&size=150,https://web.joongna.com/product/228353940,2026-05-12 12:26,서피스랩탑 인텔 i7 램 16g ssd 512g 터치모니터 15인치고해상도hdr,,,laptop,N,,SALE,,,,,UNKNOWN
모니터,중고나라,228489757,MSI 274QP QD-OLED X24 27인치 oled 게이밍 모니터,380000,판매중,,https://img2.joongna.com/media/original/2026/05/11/1778503414357FVf_Bo6O5.jpg?impolicy=thumb&size=150,https://web.joongna.com/product/228489757,2026-05-12 12:16,msi 274qp qd-oled x24 27인치 oled 게이밍 모니터,,,UNKNOWN,N,,SALE,,,,,UNKNOWN
모니터,중고나라,228286151,한성컴퓨터 TFG27F16V 27형 커브드 1500R 모니터,110000,판매중,,https://img2.joongna.com/media/original/2026/05/05/1777987839896hhC_vZqfw.jpg?impolicy=thumb&size=150,https://web.joongna.com/product/228286151,2026-05-12 12:50,한성컴퓨터 tfg27f16v 27형 커브드 1500r 모니터,,,desktop,N,,SALE,,,,,UNKNOWN
모니터,중고나라,228473072,삼성 모니터 4K 28인치,150000,판매중,,https://img2.joongna.com/media/original/2026/05/11/1778466390291RPZ_vRARW.jpg?impolicy=thumb&size=150,https://web.joongna.com/product/228473072,2026-05-12 12:35,삼성 모니터 4k 28인치,,,UNKNOWN,N,,SALE,,,,,UNKNOWN
모니터,중고나라,228511499,알파스캔 AOC U27U3XD 4K 모니터 팔아요,350000,판매중,,https://img2.joongna.com/media/original/2026/05/12/17785565842676WQ_RmJ6p.jpg?impolicy=thumb&size=150,https://web.joongna.com/product/228511499,2026-05-12 12:29,알파스캔 aoc u27u3xd 4k 모니터,,,UNKNOWN,N,,SALE,,,,,UNKNOWN
모니터,중고나라,228455974,베링거 Studio L 모니터컨트롤러 겸 오디오인터페이스,140000,판매중,,https://img2.joongna.com/media/original/2026/05/10/1778410458772nvb_2qIsB.jpg?impolicy=thumb&size=150,https://web.joongna.com/product/228455974,2026-05-12 12:27,베링거 studio l 모니터컨트롤러 겸 오디오인터페이스,,,UNKNOWN,N,,SALE,,,,,UNKNOWN
모니터,중고나라,228468929,lg 45인치 모니터 45gx950a,1800000,판매중,,https://img2.joongna.com/media/original/2026/05/11/1778458143902ptx_vjRph.jpg?impolicy=thumb&size=150,https://web.joongna.com/product/228468929,2026-05-12 12:25,lg 45인치 모니터 45gx950a,,,UNKNOWN,N,,SALE,,,,,UNKNOWN
모니터,중고나라,228177922,27인치 qhd 모니터포장용박스 QHDMONITORBC2790HD,18000,판매중,,https://img2.joongna.com/media/original/2026/05/02/17777235869325Sn_FeTmJ.jpg?impolicy=thumb&size=150,https://web.joongna.com/product/228177922,2026-05-12 12:03,27인치 qhd 모니터포장용박스 qhdmonitorbc2790hd,,,BOX,Y,,SALE,,,,,UNKNOWN
모니터,중고나라,228512376,[삽니다]벤큐 XL2546K 모니터 삽니다,300000,판매중,,https://img2.joongna.com/media/original/2026/05/12/1778558011079Kyi_0k8Vt.jpg?impolicy=thumb&size=150,https://web.joongna.com/product/228512376,2026-05-12 12:53,[]벤큐 xl2546k 모니터,,,UNKNOWN,N,,SALE,,,,,UNKNOWN
모니터,중고나라,228512154,샤오미 커브드 모니터 스크린바 LYMAX Pro,49000,판매중,,https://img2.joongna.com/media/original/2026/05/12/1778557662317jGo_McGdz.jpg?impolicy=thumb&size=150,https://web.joongna.com/product/228512154,2026-05-12 12:47,샤오미 커브드 모니터 스크린바 lymax pro,,,UNKNOWN,N,,SALE,,,,,UNKNOWN
모니터,중고나라,228511815,32인치 와이드뷰 TV 모니터,35000,판매중,,https://img2.joongna.com/media/original/2026/05/12/1778557147397vdG_yHqgy.jpg?impolicy=thumb&size=150,https://web.joongna.com/product/228511815,2026-05-12 12:39,32인치 와이드뷰 tv 모니터,,,UNKNOWN,N,,SALE,,,,,UNKNOWN
모니터,중고나라,228511772,[24인치 모니터] 알파스캔 2476 IPS 모니터,50000,판매중,,https://img2.joongna.com/media/original/2026/05/12/1778557056436QMd_xgi30.JPG?impolicy=thumb&size=150,https://web.joongna.com/product/228511772,2026-05-12 12:38,[24인치 모니터] 알파스캔 2476 ips 모니터,,,UNKNOWN,N,,SALE,,,,,UNKNOWN
모니터,중고나라,228439426,Lg 울트라기어 27GS50F 180hz 게이밍 모니터 팝니다.,150000,판매중,,https://img2.joongna.com/media/original/2026/05/10/17783813617846IT_Xbx1j.jpg?impolicy=thumb&size=150,https://web.joongna.com/product/228439426,2026-05-12 12:37,lg 울트라기어 27gs50f 180hz 게이밍 모니터 .,,,UNKNOWN,N,,SALE,,,,,UNKNOWN
모니터,중고나라,227726982,앤버닉 + 휴대용모니터 + 케이스 + 케이블 팝니다,95000,판매중,,https://img2.joongna.com/media/original/2026/04/20/1776672839171yAM_ous9i.jpg?impolicy=thumb&size=150,https://web.joongna.com/product/227726982,2026-05-12 12:36,앤버닉 + 휴대용모니터 + 케이스 + 케이블,,,CASE,Y,,SALE,,,,,UNKNOWN
모니터,중고나라,228482961,Dell p2424ht 델 터치모니터 24인치,290000,판매중,,https://img2.joongna.com/media/original/2026/05/11/1778483140045P1t_K3USj.jpg?impolicy=thumb&size=150,https://web.joongna.com/product/228482961,2026-05-12 12:31,dell p2424ht 델 터치모니터 24인치,,,UNKNOWN,N,,SALE,,,,,UNKNOWN
모니터,중고나라,228504552,LG 울트라기어 27GP830 27인치 QHD 게이밍 모니터입니다,190000,판매중,,https://img2.joongna.com/media/original/2026/05/12/1778543389831UXj_U48Ia.jpg?impolicy=thumb&size=150,https://web.joongna.com/product/228504552,2026-05-12 12:29,lg 울트라기어 27gp830 27인치 qhd 게이밍 모니터입니다,,,UNKNOWN,N,,SALE,,,,,UNKNOWN
모니터,중고나라,228186936,[SAMSUNG] 삼성전자 29인치 커브드 모니터,129000,판매중,,https://img2.joongna.com/media/original/2026/05/07/17781360655026Ro_Eo8iK.jpg?impolicy=thumb&size=150,https://web.joongna.com/product/228186936,2026-05-12 12:28,[samsung] 삼성전자 29인치 커브드 모니터,,,UNKNOWN,N,,SALE,,,,,UNKNOWN
모니터,중고나라,228245375,LG 38gl950g 커브드모니터,650000,판매중,,https://img2.joongna.com/media/original/2026/05/04/1777892795913jD8_581yI.jpg?impolicy=thumb&size=150,https://web.joongna.com/product/228245375,2026-05-12 12:19,lg 38gl950g 커브드모니터,,,UNKNOWN,N,,SALE,,,,,UNKNOWN
모니터,중고나라,228347916,aw2725df 27인치 oled qhd 360hz모니터,600000,판매중,,https://img2.joongna.com/media/original/2026/05/07/1778141726325dKk_HUXLu.jpg?impolicy=thumb&size=150,https://web.joongna.com/product/228347916,2026-05-12 12:16,aw2725df 27인치 oled qhd 360hz모니터,,,UNKNOWN,N,,SALE,,,,,UNKNOWN
모니터,중고나라,208879126,AHD 7인치룸미러 모니터 20대일괄판매,1800000,판매중,,https://img2.joongna.com/media/original/2025/09/24/17587192326398Zm_dSd2D.jpg?impolicy=thumb&size=150,https://web.joongna.com/product/208879126,2026-05-12 12:13,ahd 7인치룸미러 모니터 20대일괄,,,UNKNOWN,N,,SALE,,,,,UNKNOWN
모니터,중고나라,208879202,AHD 7인치룸미러 모니터 20대일괄판매,1800000,판매중,,https://img2.joongna.com/media/original/2025/09/24/1758719207671i8Y_d1S76.jpg?impolicy=thumb&size=150,https://web.joongna.com/product/208879202,2026-05-12 12:13,ahd 7인치룸미러 모니터 20대일괄,,,UNKNOWN,N,,SALE,,,,,UNKNOWN
모니터,중고나라,228499526,LG 32인치 게이밍모니터 32GK850F,180000,판매중,,https://img2.joongna.com/media/original/2026/05/11/1778511368200oUu_KDSlP.jpg?impolicy=thumb&size=150,https://web.joongna.com/product/228499526,2026-05-12 12:12,lg 32인치 게이밍모니터 32gk850f,,,UNKNOWN,N,,SALE,,,,,UNKNOWN
모니터,중고나라,228307868,IK Multimedia iLoud Micro Monitor Pro 1통(미개봉) 모니터 스피커,300000,판매중,,https://img2.joongna.com/media/original/2026/05/06/1778049863602MyG_M4B52.jpg?impolicy=thumb&size=150,https://web.joongna.com/product/228307868,2026-05-12 12:10,ik multimedia iloud micro monitor pro 1통() 모니터 스피커,,,UNKNOWN,N,,SALE,,,,,UNKNOWN
모니터,중고나라,227864527,필립스멀티탭8구2m+스마트폰 스탠드usb케이블거치대/나이키 아디다스 러닝캠핑아이폰 엘지삼성tv모니터 노트북 아이폰,48900,판매중,,https://img2.joongna.com/media/original/2026/05/05/1777961739807QXz_mmJQz.JPG?impolicy=thumb&size=150,https://web.joongna.com/product/227864527,2026-05-12 12:07,필립스멀티탭8구2m+스마트폰 스탠드usb케이블거치대/나이키 아디다스 러닝캠핑아이폰 엘지삼성tv모니터 노트북 아이폰,애플,,CABLE,Y,,SALE,,,,,UNKNOWN
모니터,중고나라,228177904,택배포함 대구 슈퍼와이드 모니터포장용 박스 스티로폼 풀세트,15000,판매중,,https://img2.joongna.com/media/original/2026/05/02/17777235553156zP_UiO2n.jpg?impolicy=thumb&size=150,https://web.joongna.com/product/228177904,2026-05-12 12:03,포함 대구 슈퍼와이드 모니터포장용 박스 스티로폼 풀세트,,,BOX,Y,,SALE,,,,,UNKNOWN
모니터,중고나라,228510607,27인치 LED 모니터,25000,판매중,,https://img2.joongna.com/media/original/2026/05/12/1778554981328kQr_Q1JNO.jpg?impolicy=thumb&size=150,https://web.joongna.com/product/228510607,2026-05-12 12:03,27인치 led 모니터,,,UNKNOWN,N,,SALE,,,,,UNKNOWN
모니터,중고나라,224854206,컴퓨터 본체+삼성19인치모니터 일괄 팝니다.,100000,판매중,,https://img2.joongna.com/media/original/2026/02/03/17700902000722hJ_jLHmJ.jpg?impolicy=thumb&size=150,https://web.joongna.com/product/224854206,2026-05-12 11:27,컴퓨터 본체+삼성19인치모니터 일괄 .,,,desktop,N,,SALE,,,,,UNKNOWN
모니터,중고나라,228002652,삼성 게이밍 와이드 모니터 오딧세이 G8 G85SD S34DG852,750000,판매중,,https://img2.joongna.com/media/original/2026/04/27/1777301908198hbd_xYs9n.jpg?impolicy=thumb&size=150,https://web.joongna.com/product/228002652,2026-05-12 11:44,삼성 게이밍 와이드 모니터 오딧세이 g8 g85sd s34dg852,,,UNKNOWN,N,,SALE,,,,,UNKNOWN
모니터,중고나라,228509798,DELL UltraSharp U3223QE 4K 32인치 모니터 총 3개,550000,판매중,,https://img2.joongna.com/media/original/2026/05/12/1778553533133gHO_qMuRv.jpg?impolicy=thumb&size=150,https://web.joongna.com/product/228509798,2026-05-12 11:38,dell ultrasharp u3223qe 4k 32인치 모니터 총 3개,,,UNKNOWN,N,,SALE,,,,,UNKNOWN
모니터,중고나라,228509696,LG 32UN650 32인치 4K 모니터,200000,판매중,,https://img2.joongna.com/media/original/2026/05/12/1778553380259tsr_JsgdA.jpg?impolicy=thumb&size=150,https://web.joongna.com/product/228509696,2026-05-12 11:36,lg 32un650 32인치 4k 모니터,,,UNKNOWN,N,,SALE,,,,,UNKNOWN
모니터,중고나라,228235323,LG 360 에르고 ergo 모니터암,100000,판매중,,https://img2.joongna.com/media/original/2026/05/04/1777876031549DZk_GFGdK.jpg?impolicy=thumb&size=150,https://web.joongna.com/product/228235323,2026-05-12 11:34,lg 360 에르고 ergo 모니터암,,,UNKNOWN,N,,SALE,,,,,UNKNOWN
모니터,중고나라,228353260,32인치 LG 모니터 32MP58HQW,120000,판매중,,https://img2.joongna.com/media/original/2026/05/07/1778151057630Dr8_4wO6m.jpg?impolicy=thumb&size=150,https://web.joongna.com/product/228353260,2026-05-12 11:34,32인치 lg 모니터 32mp58hqw,,,UNKNOWN,N,,SALE,,,,,UNKNOWN
모니터,중고나라,228166418,유디아 25인치 165Hz 게이밍 모니터,100000,판매중,,https://img2.joongna.com/media/original/2026/05/02/1777701683028lHa_Qfe1V.jpg?impolicy=thumb&size=150,https://web.joongna.com/product/228166418,2026-05-12 11:34,유디아 25인치 165hz 게이밍 모니터,,,UNKNOWN,N,,SALE,,,,,UNKNOWN
모니터,중고나라,228166520,벤큐 QHD 프로디자이너 모니터(PD2705Q),300000,판매중,,https://img2.joongna.com/media/original/2026/05/02/1777701837851M8v_g63CT.jpg?impolicy=thumb&size=150,https://web.joongna.com/product/228166520,2026-05-12 11:34,벤큐 qhd 프로디자이너 모니터(pd2705q),,,UNKNOWN,N,,SALE,,,,,UNKNOWN
모니터,중고나라,228166667,삼성 F27T350 IPS 75Hz 27인치 모니터,110000,판매중,,https://img2.joongna.com/media/original/2026/05/02/1777702111805TGa_kXMY0.jpg?impolicy=thumb&size=150,https://web.joongna.com/product/228166667,2026-05-12 11:34,삼성 f27t350 ips 75hz 27인치 모니터,,,UNKNOWN,N,,SALE,,,,,UNKNOWN
모니터,중고나라,228486114,알파스캔 AOC 144Hz IPS패널 모니터 풀박스,130000,판매중,,https://img2.joongna.com/media/original/2026/05/11/1778488014270AhX_SMyi0.jpg?impolicy=thumb&size=150,https://web.joongna.com/product/228486114,2026-05-12 11:33,알파스캔 aoc 144hz ips패널 모니터 스,,,UNKNOWN,N,,SALE,,,,,UNKNOWN
모니터,중고나라,228262762,엔산마운트 듀얼모니터암 FM25256 블랙 판매합니다.,182000,판매중,,https://img2.joongna.com/media/original/2026/05/05/1777948448345syO_IBcCD.jpg?impolicy=thumb&size=150,https://web.joongna.com/product/228262762,2026-05-12 11:58,엔산마운트 듀얼모니터암 fm25256 블랙 .,,,UNKNOWN,N,,SALE,,,,,UNKNOWN
모니터,중고나라,228510243,시라누이마이 다이키소량한정판 블랙 대형사이즈/사이드쇼 어벤져스 플레이스테이션 철권 게이밍모니터 레트로게임오락 아이폰,380000,판매중,,https://img2.joongna.com/media/original/2026/05/12/1778554050374KKU_JuLCT.JPG?impolicy=thumb&size=150,https://web.joongna.com/product/228510243,2026-05-12 11:51,시라누이마이 다이키소량한정판 블랙 대형사이즈/사이드쇼 어벤져스 플레이스테이션 철권 게이밍모니터 레트로게임오락 아이폰,애플,,smartphone,N,,SALE,,,,,UNKNOWN
모니터,중고나라,226831152,[새상품] DELL P1424H 14형 휴대용 접이식 스탠드 포터블 모니터 FHD IPS,250000,판매중,,https://img2.joongna.com/media/original/2026/03/28/1774663798253bDn_7Adj9.jpg?impolicy=thumb&size=150,https://web.joongna.com/product/226831152,2026-05-12 11:47,[] dell p1424h 14형 휴대용 접이식 스탠드 포터블 모니터 fhd ips,,,UNKNOWN,N,,SALE,,,,,UNKNOWN
모니터,중고나라,228225314,조립 PC+모니터+스피커 판매 (Ryzen7 3700X/RTX2070 Super),800000,판매중,,https://img2.joongna.com/media/original/2026/05/04/1777859887074KnC_0rtYh.jpg?impolicy=thumb&size=150,https://web.joongna.com/product/228225314,2026-05-12 11:36,조립 pc+모니터+스피커 (ryzen7 3700x/rtx2070 super),,,desktop,N,,SALE,RYZEN7 3700X,RTX2070,,,MID
모니터,중고나라,228324271,27인치 커브드 180Hz 게이밍 모니터,110000,판매중,,https://img2.joongna.com/media/original/2026/05/06/1778077767584b0f_AVFAw.jpg?impolicy=thumb&size=150,https://web.joongna.com/product/228324271,2026-05-12 11:34,27인치 커브드 180hz 게이밍 모니터,,,UNKNOWN,N,,SALE,,,,,UNKNOWN
모니터,중고나라,228235393,삼성 오디세이 (S25BG400E) 240hz 모니터,190000,판매중,,https://img2.joongna.com/media/original/2026/05/04/1777876150576a8t_ho4bS.jpg?impolicy=thumb&size=150,https://web.joongna.com/product/228235393,2026-05-12 11:34,삼성 오디세이 (s25bg400e) 240hz 모니터,,,UNKNOWN,N,,SALE,,,,,UNKNOWN
모니터,중고나라,227952187,삼성 m5 스마트모니터 미개봉 새제품 팔아요,250000,판매중,,https://img2.joongna.com/media/original/2026/04/26/1777192337581pCp_lVPHv.jpg?impolicy=thumb&size=150,https://web.joongna.com/product/227952187,2026-05-12 11:34,삼성 m5 스마트모니터 새제품,,,UNKNOWN,N,,SALE,,,,,UNKNOWN
모니터,중고나라,228484955,27인치 게이밍 모니터 MSI MAG273R 144 무결점 IPS 모니터,130000,판매중,,https://img2.joongna.com/media/original/2026/05/11/1778486225921qfW_S87mr.jpg?impolicy=thumb&size=150,https://web.joongna.com/product/228484955,2026-05-12 11:33,27인치 게이밍 모니터 msi mag273r 144 무결점 ips 모니터,,,UNKNOWN,N,,SALE,,,,,UNKNOWN
모니터,중고나라,228485529,삼성 모니터 27인치 S27F350FHK 2020년식,110000,판매중,,https://img2.joongna.com/media/original/2026/05/11/1778487089815lnZ_YdLom.jpg?impolicy=thumb&size=150,https://web.joongna.com/product/228485529,2026-05-12 11:33,삼성 모니터 27인치 s27f350fhk 2020년식,,,UNKNOWN,N,,SALE,,,,,UNKNOWN
모니터,중고나라,228485841,LG IPTV겸용 32인치 모니터 (32SP510M),150000,판매중,,https://img2.joongna.com/media/original/2026/05/11/1778487576721sMu_IYeZo.jpg?impolicy=thumb&size=150,https://web.joongna.com/product/228485841,2026-05-12 11:33,lg iptv겸용 32인치 모니터 (32sp510m),,,UNKNOWN,N,,SALE,,,,,UNKNOWN
모니터,중고나라,228485977,빅트랙 27인치 FHD 200Hz 게이밍 모니터,110000,판매중,,https://img2.joongna.com/media/original/2026/05/11/1778487803582dtq_wLf9t.jpg?impolicy=thumb&size=150,https://web.joongna.com/product/228485977,2026-05-12 11:33,빅트랙 27인치 fhd 200hz 게이밍 모니터,,,UNKNOWN,N,,SALE,,,,,UNKNOWN
모니터,중고나라,228485995,제이씨현 UDEA LOOK LK2720LA 유케어 75 시력보호 모니터,69000,판매중,,https://img2.joongna.com/media/original/2026/05/11/1778487841404SIR_LNJKi.jpg?impolicy=thumb&size=150,https://web.joongna.com/product/228485995,2026-05-12 11:33,제이씨현 udea look lk2720la 유케어 75 시력보호 모니터,,,UNKNOWN,N,,SALE,,,,,UNKNOWN
모니터,중고나라,228057799,최고급 12인치모니터전용스피커 무대모니터스피커 고급형,288000,판매중,,https://img2.joongna.com/media/original/2026/04/29/1777439761628M65_0KRA2.jpg?impolicy=thumb&size=150,https://web.joongna.com/product/228057799,2026-05-12 11:30,최고급 12인치모니터전용스피커 무대모니터스피커 고급형,,,UNKNOWN,N,,SALE,,,,,UNKNOWN
모니터,중고나라,228266438,"그랜져HG AVN 데크,모니터,앰프 풀셋 팝니다.",60000,판매중,,https://img2.joongna.com/media/original/2026/05/05/1777954708049LVx_svl8u.jpg?impolicy=thumb&size=150,https://web.joongna.com/product/228266438,2026-05-12 11:30,"그랜져hg avn 데크,모니터,앰프 풀셋 .",,,UNKNOWN,N,,SALE,,,,,UNKNOWN
모니터,중고나라,228291416,32인치 FHD 모니터,30000,판매중,,https://img2.joongna.com/media/original/2026/05/06/1778007599484vRS_sy2Tc.jpg?impolicy=thumb&size=150,https://web.joongna.com/product/228291416,2026-05-12 11:25,32인치 fhd 모니터,,,UNKNOWN,N,,SALE,,,,,UNKNOWN
모니터,중고나라,228089785,유채화그림+고급엔틱액자 힐링그림작품/아이폰 애플 엘지 삼성게밍모니터tv 노트북 골프등산캠핑낚시자전거 나이키조던acg,590000,판매중,,https://img2.joongna.com/media/original/2026/04/30/1777517069852nHe_bOArF.JPG?impolicy=thumb&size=150,https://web.joongna.com/product/228089785,2026-05-12 11:25,유채화그림+고급엔틱액자 힐링그림작품/아이폰 애플 엘지 삼성게밍모니터tv 노트북 골프등산캠핑낚시자전거 나이키조던acg,애플,,smartphone,N,,SALE,,,,,UNKNOWN
모니터,중고나라,228373474,"에쿠스VI AVN DIS용 데크,모니터,앰프 팝니다.",60000,판매중,,https://img2.joongna.com/media/original/2026/05/08/1778211226221jE5_xkyoA.jpg?impolicy=thumb&size=150,https://web.joongna.com/product/228373474,2026-05-12 11:23,"에쿠스vi avn dis용 데크,모니터,앰프 .",,,UNKNOWN,N,,SALE,,,,,UNKNOWN
모니터,중고나라,228373462,"말리부 AVN 무출 데크,모니터,앰프 팝니다.",250000,판매중,,https://img2.joongna.com/media/original/2026/05/08/1778211209607Rwo_BOINq.JPG?impolicy=thumb&size=150,https://web.joongna.com/product/228373462,2026-05-12 11:23,"말리부 avn 무출 데크,모니터,앰프 .",,,UNKNOWN,N,,SALE,,,,,UNKNOWN
모니터,중고나라,228373291,"에쿠스VI AVN 무출데크,7인치 모니터,앰프 팝니다.",70000,판매중,,https://img2.joongna.com/media/original/2026/05/08/1778210964772HoS_V4c2o.JPG?impolicy=thumb&size=150,https://web.joongna.com/product/228373291,2026-05-12 11:21,"에쿠스vi avn 무출데크,7인치 모니터,앰프 .",,,UNKNOWN,N,,SALE,,,,,UNKNOWN
모니터,중고나라,228477892,{{ LG모니터(22인치),35000,판매중,,https://img2.joongna.com/media/original/2026/05/11/1778474575364RnG_85ofo.jpg?impolicy=thumb&size=150,https://web.joongna.com/product/228477892,2026-05-12 11:21,{{ lg모니터(22인치),,,UNKNOWN,N,,SALE,,,,,UNKNOWN
모니터,중고나라,228469572,야마하 전자드럼 모니터 시스템,270000,판매중,,https://img2.joongna.com/media/original/2026/05/11/1778459841852IWS_8Cyne.jpg?impolicy=thumb&size=150,https://web.joongna.com/product/228469572,2026-05-12 11:17,야마하 전자드럼 모니터 시스템,,,UNKNOWN,N,,SALE,,,,,UNKNOWN
모니터,중고나라,227681773,LG 24GL650 게이밍 모니터 144Hz (직거래만 가능),90000,판매중,,https://img2.joongna.com/media/original/2026/04/19/1776573990345AyX_zImA7.jpg?impolicy=thumb&size=150,https://web.joongna.com/product/227681773,2026-05-12 11:12,lg 24gl650 게이밍 모니터 144hz (만 가능),,,UNKNOWN,N,,SALE,,,,,UNKNOWN
모니터,중고나라,228390132,스텐드형 43인치 티비겸 모니터,170000,판매중,,https://img2.joongna.com/media/original/2026/05/08/17782410253348dx_8NZhO.jpg?impolicy=thumb&size=150,https://web.joongna.com/product/228390132,2026-05-12 11:00,스텐드형 43인치 티비겸 모니터,,,UNKNOWN,N,,SALE,,,,,UNKNOWN
모니터,중고나라,228318534,FULL 풀HD 40인치 티비겸모니터,150000,판매중,,https://img2.joongna.com/media/original/2026/05/06/1778067709468ZuL_laOLg.jpg?impolicy=thumb&size=150,https://web.joongna.com/product/228318534,2026-05-12 11:00,full 풀hd 40인치 티비겸모니터,,,UNKNOWN,N,,SALE,,,,,UNKNOWN
모니터,중고나라,228177189,32인치 티비겸모니터,100000,판매중,,https://img2.joongna.com/media/original/2026/05/02/1777722183293576_c8cnf.jpg?impolicy=thumb&size=150,https://web.joongna.com/product/228177189,2026-05-12 11:00,32인치 티비겸모니터,,,UNKNOWN,N,,SALE,,,,,UNKNOWN
모니터,중고나라,228424152,삼성전자 32인치 (TV겸 모니터),160000,판매중,,https://img2.joongna.com/media/original/2026/05/09/1778326872803ejy_PCEKo.jpg?impolicy=thumb&size=150,https://web.joongna.com/product/228424152,2026-05-12 11:00,삼성전자 32인치 (tv겸 모니터),,,UNKNOWN,N,,SALE,,,,,UNKNOWN
모니터,중고나라,227949140,32gx850a oled 듀얼모니터 (보증 2년),750000,판매중,,https://img2.joongna.com/media/original/2026/04/26/1777187125196Krj_pb1EE.jpg?impolicy=thumb&size=150,https://web.joongna.com/product/227949140,2026-05-12 10:07,32gx850a oled 듀얼모니터 (보증 2년),,,UNKNOWN,N,,SALE,,,,,UNKNOWN
모니터,중고나라,228227358,LG전자 27UL500 27인치 4K 모니터 팝니다,190000,판매중,,https://img2.joongna.com/media/original/2026/05/04/17778634471899Ix_vCuBZ.jpg?impolicy=thumb&size=150,https://web.joongna.com/product/228227358,2026-05-12 10:50,lg전자 27ul500 27인치 4k 모니터,,,UNKNOWN,N,,SALE,,,,,UNKNOWN
모니터,중고나라,228368224,TCL 25G64 25인치 QD-Mini LED 300hz 모니터 판매합니다.,160000,판매중,,https://img2.joongna.com/media/original/2026/05/08/1778202447687MNb_17Bf1.jpg?impolicy=thumb&size=150,https://web.joongna.com/product/228368224,2026-05-12 10:09,tcl 25g64 25인치 qd-mini led 300hz 모니터 .,,,UNKNOWN,N,,SALE,,,,,UNKNOWN
모니터,중고나라,225407115,EIZO 23인치 터치모니터 FlexScan T2381,290000,판매중,,https://img2.joongna.com/media/original/2026/02/19/1771470627609DO2_Mur6y.jpg?impolicy=thumb&size=150,https://web.joongna.com/product/225407115,2026-05-12 10:39,eizo 23인치 터치모니터 flexscan t2381,,,UNKNOWN,N,,SALE,,,,,UNKNOWN
모니터,중고나라,224413608,LG 스마트모니터 37U730SAW 팝니다,500000,판매중,,https://img2.joongna.com/media/original/2026/01/22/1769071959931g0u_hSEzb.jpg?impolicy=thumb&size=150,https://web.joongna.com/product/224413608,2026-05-12 10:31,lg 스마트모니터 37u730saw,,,UNKNOWN,N,,SALE,,,,,UNKNOWN
모니터,중고나라,228507914,lg 스윙 스마트모니터 32U889SAW,700000,판매중,,https://img2.joongna.com/media/original/2026/05/12/1778550458267ddH_m55L7.jpg?impolicy=thumb&size=150,https://web.joongna.com/product/228507914,2026-05-12 10:47,lg 스윙 스마트모니터 32u889saw,,,UNKNOWN,N,,SALE,,,,,UNKNOWN
모니터,중고나라,228310371,알파스캔 27인치 모니터 IPS FHD 시력보호 무결점 27IPS77AH LG전자 27MP400 여러대,60000,판매중,,https://img2.joongna.com/media/original/2026/05/06/1778053825991VhA_TYtbH.jpg?impolicy=thumb&size=150,https://web.joongna.com/product/228310371,2026-05-12 10:42,알파스캔 27인치 모니터 ips fhd 시력보호 무결점 27ips77ah lg전자 27mp400 여러대,,,UNKNOWN,N,,SALE,,,,,UNKNOWN
모니터,중고나라,222605152,삼성 고해상도 뷰피니티 울트라와이드 모니터 S5,290000,판매중,,https://img2.joongna.com/media/original/2025/12/05/1764869285086c9d_0WuiP.jpg?impolicy=thumb&size=150,https://web.joongna.com/product/222605152,2026-05-12 10:42,삼성 고해상도 뷰피니티 울트라와이드 모니터 s5,,,UNKNOWN,N,,SALE,,,,,UNKNOWN
모니터,중고나라,228464477,삼성 27인치 OLED 500hz 게이밍 모니터 LS27FG600S,800000,판매중,,https://img2.joongna.com/media/original/2026/05/11/1778427028824yEA_AFuWX.jpg?impolicy=thumb&size=150,https://web.joongna.com/product/228464477,2026-05-12 10:31,삼성 27인치 oled 500hz 게이밍 모니터 ls27fg600s,,,UNKNOWN,N,,SALE,,,,,UNKNOWN
모니터,중고나라,228375743,슈어 SRH1840 오픈형 스튜디오 마스터링 모니터링 미개봉 새제품,480000,판매중,,https://img2.joongna.com/media/original/2026/05/08/1778214971269j1s_dMuy0.jpg?impolicy=thumb&size=150,https://web.joongna.com/product/228375743,2026-05-12 10:18,슈어 srh1840 오픈형 스튜디오 마스터링 모니터링 새제품,,,UNKNOWN,N,,SALE,,,,,UNKNOWN
모니터,중고나라,228384568,알파스캔 22인치 LED 모니터 2250AH1,30000,판매중,,https://img2.joongna.com/media/original/2026/05/08/1778229695123hdK_H0zUl.JPG?impolicy=thumb&size=150,https://web.joongna.com/product/228384568,2026-05-12 10:10,알파스캔 22인치 led 모니터 2250ah1,,,UNKNOWN,N,,SALE,,,,,UNKNOWN
모니터,중고나라,228086111,알파스캔 23인치 모니터 N2312 IPS LED,30000,판매중,,https://img2.joongna.com/media/original/2026/04/30/1777511247430THt_dk8rN.JPG?impolicy=thumb&size=150,https://web.joongna.com/product/228086111,2026-05-12 10:07,알파스캔 23인치 모니터 n2312 ips led,,,UNKNOWN,N,,SALE,,,,,UNKNOWN
모니터,중고나라,228048324,알파스캔 AOC 22인치 모니터 22E2H,40000,판매중,,https://img2.joongna.com/media/original/2026/04/29/177742469851040F_t6bxk.JPG?impolicy=thumb&size=150,https://web.joongna.com/product/228048324,2026-05-12 10:02,알파스캔 aoc 22인치 모니터 22e2h,,,UNKNOWN,N,,SALE,,,,,UNKNOWN
모니터,중고나라,228434794,LG전자 32인치 (TV겸모니터),160000,판매중,,https://img2.joongna.com/media/original/2026/05/10/17783716019400hu_CVqNB.jpg?impolicy=thumb&size=150,https://web.joongna.com/product/228434794,2026-05-12 10:59,lg전자 32인치 (tv겸모니터),,,UNKNOWN,N,,SALE,,,,,UNKNOWN
모니터,중고나라,228247066,32인치 티비겸모니터,100000,판매중,,https://img2.joongna.com/media/original/2026/05/04/1777895653107ViV_XHsWA.jpg?impolicy=thumb&size=150,https://web.joongna.com/product/228247066,2026-05-12 10:59,32인치 티비겸모니터,,,UNKNOWN,N,,SALE,,,,,UNKNOWN
모니터,중고나라,228247031,32인치 티비겸모니터,100000,판매중,,https://img2.joongna.com/media/original/2026/05/04/1777895602955ZlV_ptjhU.jpg?impolicy=thumb&size=150,https://web.joongna.com/product/228247031,2026-05-12 10:59,32인치 티비겸모니터,,,UNKNOWN,N,,SALE,,,,,UNKNOWN
모니터,중고나라,228496559,"월광보합 5s, 삼성 24인치 tv 모니터 b2430hd 일괄 판매",70000,판매중,,https://img2.joongna.com/media/original/2026/05/11/1778505480928tYe_fscMU.jpg?impolicy=thumb&size=150,https://web.joongna.com/product/228496559,2026-05-12 10:59,"월광보합 5s, 삼성 24인치 tv 모니터 b2430hd 일괄",,,UNKNOWN,N,,SALE,,,,,UNKNOWN
모니터,중고나라,228508210,LG 23인치 풀HD LED IPS 광시야각 모니터 HDMI케이블,50000,판매중,,https://img2.joongna.com/media/original/2026/05/12/1778550996589dPL_Fs1Pn.jpg?impolicy=thumb&size=150,https://web.joongna.com/product/228508210,2026-05-12 10:57,lg 23인치 풀hd led ips 광시야각 모니터 hdmi케이블,,,CABLE,Y,,SALE,,,,,UNKNOWN
모니터,중고나라,228508194,LNP 32인치 모니터 (강화유리O),60000,판매중,,https://img2.joongna.com/media/original/2026/05/12/1778550925968gDb_fuiHd.jpeg?impolicy=thumb&size=150,https://web.joongna.com/product/228508194,2026-05-12 10:56,lnp 32인치 모니터 (강화유리o),,,FILM,Y,,SALE,,,,,UNKNOWN
모니터,중고나라,228508135,TJ 32인치 모니터 (강화유리O),70000,판매중,,https://img2.joongna.com/media/original/2026/05/12/1778550561045lww_nqi44.jpeg?impolicy=thumb&size=150,https://web.joongna.com/product/228508135,2026-05-12 10:54,tj 32인치 모니터 (강화유리o),,,FILM,Y,,SALE,,,,,UNKNOWN
모니터,중고나라,228403305,삼성 사무용 데스크탑 본체 32인치 모니터,125000,판매중,,https://img2.joongna.com/media/original/2026/05/09/1778289681381nbq_ElKkF.jpg?impolicy=thumb&size=150,https://web.joongna.com/product/228403305,2026-05-12 10:52,삼성 사무용 데스크탑 본체 32인치 모니터,,,desktop,N,,SALE,,,,,UNKNOWN
모니터,중고나라,228144315,인텔 G5400 DDR4 8G SSD250G 사무용 데스크탑 컴퓨터 PC 본체 모니터,160000,판매중,,https://img2.joongna.com/media/original/2026/05/01/1777635790702ZGe_yYwjC.jpg?impolicy=thumb&size=150,https://web.joongna.com/product/228144315,2026-05-12 10:51,인텔 g5400 ddr4 8g ssd250g 사무용 데스크탑 컴퓨터 pc 본체 모니터,,,desktop,N,,SALE,,,,,UNKNOWN
모니터,중고나라,228266242,삼성 모니터 24인치 컴모니터 컴 모니터 사용감 많지 않아요비닐도 이번에 뜯었어요구성 모니터 전원케이블개인입니다가까,85000,판매중,,https://img2.joongna.com/media/original/2026/05/05/1777954410823xOc_8t78P.jpg?impolicy=thumb&size=150,https://web.joongna.com/product/228266242,2026-05-12 10:49,삼성 모니터 24인치 컴모니터 컴 모니터 사용감 많지 않아요비닐도 이번에 뜯었어요구성 모니터 전원케이블개인입니다가까,,,CABLE,Y,,SALE,,,,,UNKNOWN
모니터,중고나라,228407841,LG 40WP95C 40인치 울트라와이드 모니터 팝니다.,950000,판매중,,https://img2.joongna.com/media/original/2026/05/09/1778297670358Woh_kOacS.jpg?impolicy=thumb&size=150,https://web.joongna.com/product/228407841,2026-05-12 10:48,lg 40wp95c 40인치 울트라와이드 모니터 .,,,UNKNOWN,N,,SALE,,,,,UNKNOWN
모니터,중고나라,228228187,LG IPS 모니터 22인치 컴모니터 엘지모니터 웹디자인22인치사진구성패널깨끄개인입니다가까운곳은 2만원추가시 집 문,80000,판매중,,https://img2.joongna.com/media/original/2026/05/04/1777864985704mul_8AfqJ.jpg?impolicy=thumb&size=150,https://web.joongna.com/product/228228187,2026-05-12 10:48,lg ips 모니터 22인치 컴모니터 엘지모니터 웹디자인22인치사진구성패널깨끄개인입니다가까운곳은 2만원추가시 집 문,,,UNKNOWN,N,,SALE,,,,,UNKNOWN
모니터,중고나라,228442409,삼성 오디세이5 c27g54t 27인치 144hz 커브드 게이밍 모니터 팝니다.,140000,판매중,,https://img2.joongna.com/media/original/2026/05/10/1778386921091oqq_djDaM.jpg?impolicy=thumb&size=150,https://web.joongna.com/product/228442409,2026-05-12 10:48,삼성 오디세이5 c27g54t 27인치 144hz 커브드 게이밍 모니터 .,,,UNKNOWN,N,,SALE,,,,,UNKNOWN
모니터,중고나라,228507886,[정품] Yamaha HS7 액티브 모니터 스피커 (1통/단품) 특징,200000,판매중,,https://img2.joongna.com/media/original/2026/05/12/1778550343487Yxn_8jj5a.JPG?impolicy=thumb&size=150,https://web.joongna.com/product/228507886,2026-05-12 10:46,[] yamaha hs7 액티브 모니터 스피커 (1통/단품) 특징,,,UNKNOWN,N,,SALE,,,,,UNKNOWN
모니터,중고나라,228488339,(택포) TCL FHD Fast-IPS 300Hz 모니터,195000,판매중,,https://img2.joongna.com/media/original/2026/05/11/17784915388420cc_nmTtY.jpg?impolicy=thumb&size=150,https://web.joongna.com/product/228488339,2026-05-12 10:45,() tcl fhd fast-ips 300hz 모니터,,,UNKNOWN,N,,SALE,,,,,UNKNOWN
모니터,중고나라,228488294,(택포) 노스바유 NB H100 모니터암,27000,판매중,,https://img2.joongna.com/media/original/2026/05/11/1778491465161kla_oldQI.jpg?impolicy=thumb&size=150,https://web.joongna.com/product/228488294,2026-05-12 10:45,() 노스바유 nb h100 모니터암,,,UNKNOWN,N,,SALE,,,,,UNKNOWN
모니터,중고나라,228309888,삼성 오디세이 G4 BG400 게이밍 모니터 240Hz 피벗 (24인치),200000,판매중,,https://img2.joongna.com/media/original/2026/05/06/1778053052088o4d_agIwV.jpg?impolicy=thumb&size=150,https://web.joongna.com/product/228309888,2026-05-12 10:39,삼성 오디세이 g4 bg400 게이밍 모니터 240hz 피벗 (24인치),,,UNKNOWN,N,,SALE,,,,,UNKNOWN
모니터,중고나라,226640144,hdmi케이블 모니터케이블 티브연결케이블 5m 무료배송,12000,판매중,,https://img2.joongna.com/media/original/2026/03/23/17742437881500QM_OcfYi.jpg?impolicy=thumb&size=150,https://web.joongna.com/product/226640144,2026-05-12 10:37,hdmi케이블 모니터케이블 티브연결케이블 5m 무료배송,,,CABLE,Y,,SALE,,,,,UNKNOWN
모니터,중고나라,227756017,카리스마 노래방 모니터 43인치,110000,판매중,,https://img2.joongna.com/media/original/2026/04/21/1776743295323PQr_0pZc7.jpeg?impolicy=thumb&size=150,https://web.joongna.com/product/227756017,2026-05-12 10:37,카리스마 노래방 모니터 43인치,,,UNKNOWN,N,,SALE,,,,,UNKNOWN
모니터,중고나라,228475268,Lg 27g810a 모니터 팔아요,300000,판매중,,https://img2.joongna.com/media/original/2026/05/11/1778470075885Whq_oaBQG.jpg?impolicy=thumb&size=150,https://web.joongna.com/product/228475268,2026-05-12 10:36,lg 27g810a 모니터,,,UNKNOWN,N,,SALE,,,,,UNKNOWN
모니터,중고나라,228266486,7인치 터치모니터 팝니다(케이스포함),80000,판매중,,https://img2.joongna.com/media/original/2026/05/05/17779547954617hI_c4t7W.jpg?impolicy=thumb&size=150,https://web.joongna.com/product/228266486,2026-05-12 10:31,7인치 터치모니터 (케이스포함),,,CASE,Y,,SALE,,,,,UNKNOWN
모니터,중고나라,228381400,삼성 LC32JG52QQKXR 커브드 모니터 판매합니다.,80000,판매중,,https://img2.joongna.com/media/original/2026/05/08/1778224486615DCD_dyqvf.jpg?impolicy=thumb&size=150,https://web.joongna.com/product/228381400,2026-05-12 10:30,삼성 lc32jg52qqkxr 커브드 모니터 .,,,UNKNOWN,N,,SALE,,,,,UNKNOWN
모니터,중고나라,228507311,신콘 SC-100 균열 측정 크랙모니터,250000,판매중,,https://img2.joongna.com/media/original/2026/05/12/1778549422221IKq_zPBu5.jpg?impolicy=thumb&size=150,https://web.joongna.com/product/228507311,2026-05-12 10:30,신콘 sc-100 균열 측정 크랙모니터,,,UNKNOWN,N,,SALE,,,,,UNKNOWN
모니터,중고나라,228189057,제닉스 아레나 게이밍스툴 오렌지/엘지 삼성게이밍모니터tv 레트로게임오락기 월광보합 아이폰 피규어 나이키 아디다스캠핑,69000,판매중,,https://img2.joongna.com/media/original/2026/05/03/1777769784102xk0_0tgFu.JPG?impolicy=thumb&size=150,https://web.joongna.com/product/228189057,2026-05-12 10:29,제닉스 아레나 게이밍스툴 오렌지/엘지 삼성게이밍모니터tv 레트로게임오락기 월광보합 아이폰 피규어 나이키 아디다스캠핑,애플,,smartphone,N,,SALE,,,,,UNKNOWN
모니터,중고나라,228375724,슈어 SRH1440 오픈형 레퍼런스 스튜디오 모니터링 미개봉 새제품,260000,판매중,,https://img2.joongna.com/media/original/2026/05/08/1778214948265Ske_kQZzZ.jpg?impolicy=thumb&size=150,https://web.joongna.com/product/228375724,2026-05-12 10:18,슈어 srh1440 오픈형 레퍼런스 스튜디오 모니터링 새제품,,,UNKNOWN,N,,SALE,,,,,UNKNOWN
모니터,중고나라,228295466,삼성 뷰피니티 S5 LS34C500GAKXKR S34C500 와이드모니터 UWQHD 100Hz,230000,판매중,,https://img2.joongna.com/media/original/2026/05/06/1778029363696XVu_8OpbP.jpg?impolicy=thumb&size=150,https://web.joongna.com/product/228295466,2026-05-12 10:14,삼성 뷰피니티 s5 ls34c500gakxkr s34c500 와이드모니터 uwqhd 100hz,,,UNKNOWN,N,,SALE,,,,,UNKNOWN
모니터,중고나라,228506692,DELL UltraSharp U3223QE 4K 32인치 모니터 총 3개,600000,판매중,,https://img2.joongna.com/media/original/2026/05/12/1778548231785aSF_ioTAz.jpg?impolicy=thumb&size=150,https://web.joongna.com/product/228506692,2026-05-12 10:10,dell ultrasharp u3223qe 4k 32인치 모니터 총 3개,,,UNKNOWN,N,,SALE,,,,,UNKNOWN
모니터,중고나라,228384974,알파스캔 24인치 LED 모니터 24BN61PR,50000,판매중,,https://img2.joongna.com/media/original/2026/05/08/1778230351229qPb_p6w9g.JPG?impolicy=thumb&size=150,https://web.joongna.com/product/228384974,2026-05-12 10:10,알파스캔 24인치 led 모니터 24bn61pr,,,UNKNOWN,N,,SALE,,,,,UNKNOWN
모니터,중고나라,228025531,크로스오버 미켈란 24인치 100Hz 게이밍 모니터 24PMT5,70000,판매중,,https://img2.joongna.com/media/original/2026/04/28/1777362768847pXU_cZmr6.JPG?impolicy=thumb&size=150,https://web.joongna.com/product/228025531,2026-05-12 10:09,크로스오버 미켈란 24인치 100hz 게이밍 모니터 24pmt5,,,UNKNOWN,N,,SALE,,,,,UNKNOWN
모니터,중고나라,228506586,4K 27인치 Mini-LED IPS 모니터,390000,판매중,,https://img2.joongna.com/media/original/2026/05/12/17785480601480wd_j6704.jpg?impolicy=thumb&size=150,https://web.joongna.com/product/228506586,2026-05-12 10:07,4k 27인치 mini-led ips 모니터,,,UNKNOWN,N,,SALE,,,,,UNKNOWN
모니터,중고나라,228295640,제이씨현 유디아 27인치 모니터 LOOK 270 IPSA,65000,판매중,,https://img2.joongna.com/media/original/2026/05/06/1778029666694tDx_CKfxn.JPG?impolicy=thumb&size=150,https://web.joongna.com/product/228295640,2026-05-12 10:07,제이씨현 유디아 27인치 모니터 look 270 ipsa,,,UNKNOWN,N,,SALE,,,,,UNKNOWN
모니터,중고나라,228506546,LG 울트라 기어 24인치 듀얼 게이밍 모니터 세트,280000,판매중,,https://img2.joongna.com/media/original/2026/05/12/1778547995336xtL_kU9f1.jpg?impolicy=thumb&size=150,https://web.joongna.com/product/228506546,2026-05-12 10:06,lg 울트라 기어 24인치 듀얼 게이밍 모니터 세트,,,UNKNOWN,N,,SALE,,,,,UNKNOWN
모니터,중고나라,228506520,알파스캔 AOC 22인치 모니터 I2280SWD,40000,판매중,,https://img2.joongna.com/media/original/2026/05/12/1778547899790ca4_NAj2h.JPG?impolicy=thumb&size=150,https://web.joongna.com/product/228506520,2026-05-12 10:05,알파스캔 aoc 22인치 모니터 i2280swd,,,UNKNOWN,N,,SALE,,,,,UNKNOWN
모니터,중고나라,227971592,알파스캔 24인치 모니터 75Hz 24IPS77AH,45000,판매중,,https://img2.joongna.com/media/original/2026/04/27/1777251581374GkY_GFY00.JPG?impolicy=thumb&size=150,https://web.joongna.com/product/227971592,2026-05-12 10:03,알파스캔 24인치 모니터 75hz 24ips77ah,,,UNKNOWN,N,,SALE,,,,,UNKNOWN
모니터,중고나라,228470167,엘지 22인치 모니터 E2251VQ 모니터암 거치대 세트,40000,판매중,,https://img2.joongna.com/media/original/2026/05/11/1778461079359clQ_sFqME.JPG?impolicy=thumb&size=150,https://web.joongna.com/product/228470167,2026-05-12 10:02,엘지 22인치 모니터 e2251vq 모니터암 거치대 세트,,,STAND,Y,,SALE,,,,,UNKNOWN
모니터,중고나라,228368044,엘지 22인치 모니터 LG 22MP410W 화이트색상,50000,판매중,,https://img2.joongna.com/media/original/2026/05/08/1778202031371ncP_plXru.JPG?impolicy=thumb&size=150,https://web.joongna.com/product/228368044,2026-05-12 10:02,엘지 22인치 모니터 lg 22mp410w 화이트색상,,,UNKNOWN,N,,SALE,,,,,UNKNOWN
모니터,중고나라,228417129,필립스 32M2N8800 4K OLED 모니터 팝니다.,800000,판매중,,https://img2.joongna.com/media/original/2026/05/12/1778578430100J0r_5Vhtb.jpg?impolicy=thumb&size=150,https://web.joongna.com/product/228417129,2026-05-12 09:44,필립스 32m2n8800 4k oled 모니터 .,,,UNKNOWN,N,,SALE,,,,,UNKNOWN
모니터,중고나라,228169027,영국 모니터오디오 브론즈BR5 판매합니다,300000,판매중,,https://img2.joongna.com/media/original/2026/05/02/1777706230537oJP_MYXIs.jpg?impolicy=thumb&size=150,https://web.joongna.com/product/228169027,2026-05-12 09:46,영국 모니터오디오 브론즈br5,,,UNKNOWN,N,,SALE,,,,,UNKNOWN
모니터,중고나라,228304227,기가바이트 MO27Q28G 모니터 팝니다,550000,판매중,,https://img2.joongna.com/media/original/2026/05/06/1778044122936xjp_QkiX7.jpg?impolicy=thumb&size=150,https://web.joongna.com/product/228304227,2026-05-12 09:46,기가바이트 mo27q28g 모니터,,,UNKNOWN,N,,SALE,,,,,UNKNOWN
모니터,중고나라,228469376,Dell G3223D 32인치 165Hz IPS QHD 게이밍 모니터,280000,판매중,,https://img2.joongna.com/media/original/2026/05/11/17784593756963ps_Pgmgf.jpg?impolicy=thumb&size=150,https://web.joongna.com/product/228469376,2026-05-12 09:45,dell g3223d 32인치 165hz ips qhd 게이밍 모니터,,,UNKNOWN,N,,SALE,,,,,UNKNOWN
모니터,중고나라,228369512,LG(32MN58HM) 32인치모니터,110000,판매중,,https://img2.joongna.com/media/original/2026/05/08/1778204795783b1u_b5Aur.jpg?impolicy=thumb&size=150,https://web.joongna.com/product/228369512,2026-05-12 09:34,lg(32mn58hm) 32인치모니터,,,UNKNOWN,N,,SALE,,,,,UNKNOWN
모니터,중고나라,228306529,6번 큐닉스 27인치 듀얼 모니터 세트,160000,판매중,,https://img2.joongna.com/media/original/2026/05/06/1778047891264NTp_2wZ30.jpg?impolicy=thumb&size=150,https://web.joongna.com/product/228306529,2026-05-12 09:04,6번 큐닉스 27인치 듀얼 모니터 세트,,,UNKNOWN,N,,SALE,,,,,UNKNOWN
모니터,중고나라,228187467,한성 포터블모니터 tfx156f oled 미개봉 새제품,170000,판매중,,https://img2.joongna.com/media/original/2026/05/03/1777765396577nH0_KnXCp.jpg?impolicy=thumb&size=150,https://web.joongna.com/product/228187467,2026-05-12 09:01,한성 포터블모니터 tfx156f oled 새제품,,,UNKNOWN,N,,SALE,,,,,UNKNOWN
모니터,중고나라,228505954,LG울트라기어27 GP850 게이밍모니터,250000,판매중,,https://img2.joongna.com/media/original/2026/05/12/1778546758609hhB_oA69S.jpg?impolicy=thumb&size=150,https://web.joongna.com/product/228505954,2026-05-12 09:45,lg울트라기어27 gp850 게이밍모니터,,,UNKNOWN,N,,SALE,,,,,UNKNOWN
모니터,중고나라,228274274,금성 tv/모니터,500000,판매중,,https://img2.joongna.com/media/original/2026/05/05/177796758278297L_K5GMI.jpg?impolicy=thumb&size=150,https://web.joongna.com/product/228274274,2026-05-12 09:41,금성 tv/모니터,,,UNKNOWN,N,,SALE,,,,,UNKNOWN
모니터,중고나라,228401012,이브오디오 6.5인치 액티브 모니터스피커 sc207,500000,판매중,,https://img2.joongna.com/media/original/2026/05/09/17782846386860VR_Q0u5P.jpg?impolicy=thumb&size=150,https://web.joongna.com/product/228401012,2026-05-12 09:19,이브오디오 6.5인치 액티브 모니터스피커 sc207,,,UNKNOWN,N,,SALE,,,,,UNKNOWN
모니터,중고나라,228390315,델 34인치 울트라샤프 모니터 팝니다,290000,판매중,,https://img2.joongna.com/media/original/2026/05/08/1778241404645fMH_unIe1.jpg?impolicy=thumb&size=150,https://web.joongna.com/product/228390315,2026-05-12 09:04,델 34인치 울트라샤프 모니터,,,UNKNOWN,N,,SALE,,,,,UNKNOWN
모니터,중고나라,228506329,삼성 24인치모니터 미개봉 새상품 판매합니다.,100000,판매중,,https://img2.joongna.com/media/original/2026/05/12/1778547546685Zr7_ZCKbW.jpg?impolicy=thumb&size=150,https://web.joongna.com/product/228506329,2026-05-12 09:59,삼성 24인치모니터 .,,,UNKNOWN,N,,SALE,,,,,UNKNOWN
모니터,중고나라,228223817,부품용 모니터 3대 - 개별판매 가능,11000,판매중,,https://img2.joongna.com/media/original/2026/05/04/1777857123605hgE_T01ea.jpg?impolicy=thumb&size=150,https://web.joongna.com/product/228223817,2026-05-12 09:57,부품용 모니터 3대 - 개별 가능,,,PARTS,Y,,SALE,,,,,UNKNOWN
모니터,중고나라,228367565,알루미늄 노트북 스탠드거치대+스마트폰 케이블usb거치대/아이폰 엘지 삼성pc데스크탑 tv모니터 아디다스 나이키 캠핑,25000,판매중,,https://img2.joongna.com/media/original/2026/05/09/1778305819618TV3_jGHOZ.JPG?impolicy=thumb&size=150,https://web.joongna.com/product/228367565,2026-05-12 09:56,알루미늄 노트북 스탠드거치대+스마트폰 케이블usb거치대/아이폰 엘지 삼성pc데스크탑 tv모니터 아디다스 나이키 캠핑,애플,,CABLE,Y,,SALE,,,,,UNKNOWN
모니터,중고나라,228506195,"DEVO7,패션시계 및 보관함,차량 모니터",130000,판매중,,https://img2.joongna.com/media/original/2026/05/12/1778547035744GZ8_d1Yn9.jpg?impolicy=thumb&size=150,https://web.joongna.com/product/228506195,2026-05-12 09:54,"devo7,패션시계 및 보관함,차량 모니터",,,UNKNOWN,N,,SALE,,,,,UNKNOWN
모니터,중고나라,228298094,TV 스탠드 받침대 거치대 OLED83C1 다리 발판/이동식 스마트모니터,90000,판매중,,https://img2.joongna.com/media/original/2026/05/06/1778033892286pfI_r2Lwe.JPG?impolicy=thumb&size=150,https://web.joongna.com/product/228298094,2026-05-12 09:48,tv 스탠드 받침대 거치대 oled83c1 다리 발판/이동식 스마트모니터,,,STAND,Y,,SALE,,,,,UNKNOWN
모니터,중고나라,228299053,JOOYON tech 모니터 판매합니다,40000,판매중,,https://img2.joongna.com/media/original/2026/05/06/1778035531262RAf_O3dMk.jpg?impolicy=thumb&size=150,https://web.joongna.com/product/228299053,2026-05-12 09:44,jooyon tech 모니터,,,UNKNOWN,N,,SALE,,,,,UNKNOWN
모니터,중고나라,228334207,JOOYON tech 모니터 판매합니다,40000,판매중,,https://img2.joongna.com/media/original/2026/05/07/17781192341649lD_cJKlw.jpg?impolicy=thumb&size=150,https://web.joongna.com/product/228334207,2026-05-12 09:44,jooyon tech 모니터,,,UNKNOWN,N,,SALE,,,,,UNKNOWN
모니터,중고나라,228329432,뷰소닉 32인치 모니터,60000,판매중,,https://img2.joongna.com/media/original/2026/05/07/1778107933361dgy_b4HfK.jpg?impolicy=thumb&size=150,https://web.joongna.com/product/228329432,2026-05-12 09:44,뷰소닉 32인치 모니터,,,UNKNOWN,N,,SALE,,,,,UNKNOWN
모니터,중고나라,228331913,LG(27MR400) IPS 27인치모니터,100000,판매중,,https://img2.joongna.com/media/original/2026/05/07/1778115151222fn6_7tDhc.jpg?impolicy=thumb&size=150,https://web.joongna.com/product/228331913,2026-05-12 09:35,lg(27mr400) ips 27인치모니터,,,UNKNOWN,N,,SALE,,,,,UNKNOWN
모니터,중고나라,228433897,삼성(24F350FHK)24인치모니터,50000,판매중,,https://img2.joongna.com/media/original/2026/05/10/1778368573545DwV_Ra7U0.jpg?impolicy=thumb&size=150,https://web.joongna.com/product/228433897,2026-05-12 09:34,삼성(24f350fhk)24인치모니터,,,UNKNOWN,N,,SALE,,,,,UNKNOWN
모니터,중고나라,228153908,삼성( S27R350FHK) 24인치모니터,100000,판매중,,https://img2.joongna.com/media/original/2026/05/02/1777674517100sn4_AySyZ.jpg?impolicy=thumb&size=150,https://web.joongna.com/product/228153908,2026-05-12 09:34,삼성( s27r350fhk) 24인치모니터,,,UNKNOWN,N,,SALE,,,,,UNKNOWN
모니터,중고나라,228295848,LG(24GL600F) 울트라기어 게이밍모니터,120000,판매중,,https://img2.joongna.com/media/original/2026/05/06/1778030025111lmb_9dBfe.jpg?impolicy=thumb&size=150,https://web.joongna.com/product/228295848,2026-05-12 09:34,lg(24gl600f) 울트라기어 게이밍모니터,,,UNKNOWN,N,,SALE,,,,,UNKNOWN
모니터,중고나라,228369494,LG(27MK430H) 27인치모니터,100000,판매중,,https://img2.joongna.com/media/original/2026/05/08/1778204761059TWV_UyYBZ.jpg?impolicy=thumb&size=150,https://web.joongna.com/product/228369494,2026-05-12 09:34,lg(27mk430h) 27인치모니터,,,UNKNOWN,N,,SALE,,,,,UNKNOWN
모니터,중고나라,228470899,일월 빗살패턴 카본고급매트 더블사이즈/나이키 아디다스 노스페이스 러닝캠핑헬스배낭 아이폰 엘지삼성가전tv 모니터 한샘,49900,판매중,,https://img2.joongna.com/media/original/2026/05/11/1778462145799jdF_zmlnj.JPG?impolicy=thumb&size=150,https://web.joongna.com/product/228470899,2026-05-12 09:29,일월 빗살패턴 카본고트 더블사이즈/나이키 아디다스 노스페이스 러닝캠핑헬스배낭 아이폰 엘지삼성가전tv 모니터 한샘,애플,,smartphone,N,,SALE,,,,,UNKNOWN
모니터,중고나라,228505473,필월드(Feel World) LUT7 배터리 2개 판매해요 ^^ (필드 모니터),250000,판매중,,https://img2.joongna.com/media/original/2026/05/12/1778545762085h3H_4IUPm.jpg?impolicy=thumb&size=150,https://web.joongna.com/product/228505473,2026-05-12 09:29,필월드(feel world) lut7 배터리 2개 해요 ^^ (필드 모니터),,,UNKNOWN,N,,SALE,,,,,UNKNOWN
모니터,중고나라,228485856,(미개봉)LG전자 24인치 모니터 24U411A,115000,판매중,,https://img2.joongna.com/media/original/2026/05/11/1778487603798Skd_g1sUk.jpg?impolicy=thumb&size=150,https://web.joongna.com/product/228485856,2026-05-12 09:27,()lg전자 24인치 모니터 24u411a,,,UNKNOWN,N,,SALE,,,,,UNKNOWN
모니터,중고나라,228505329,삼성 LF24T350FH 24인치 75Hz 모니터,60000,판매중,,https://img2.joongna.com/media/original/2026/05/12/1778545403163Tja_QwUca.jpg?impolicy=thumb&size=150,https://web.joongna.com/product/228505329,2026-05-12 09:23,삼성 lf24t350fh 24인치 75hz 모니터,,,UNKNOWN,N,,SALE,,,,,UNKNOWN
모니터,중고나라,227792954,컴퓨터 모니터 메모 홀더 새제품 택포 4000원,3500,판매중,,https://img2.joongna.com/media/original/2026/04/22/17768267937894gZ_H6ZPT.jpg?impolicy=thumb&size=150,https://web.joongna.com/product/227792954,2026-05-12 09:21,컴퓨터 모니터 메모 홀더 새제품 4000원,,,desktop,N,,SALE,,,,,UNKNOWN
모니터,중고나라,228315777,삼성전자 LC34G55TWWKXKR 울트라 게이밍 커브드 모니터,240000,판매중,,https://img2.joongna.com/media/original/2026/05/06/17780623641667Ii_9y00g.jpg?impolicy=thumb&size=150,https://web.joongna.com/product/228315777,2026-05-12 09:21,삼성전자 lc34g55twwkxkr 울트라 게이밍 커브드 모니터,,,UNKNOWN,N,,SALE,,,,,UNKNOWN
모니터,중고나라,228157094,90도 회전 가능한 모니터 받침대 모니터 스탠드,10000,판매중,,https://img2.joongna.com/media/original/2026/05/02/1777684083819htN_MSGet.jpg?impolicy=thumb&size=150,https://web.joongna.com/product/228157094,2026-05-12 09:19,90도 회전 가능한 모니터 받침대 모니터 스탠드,,,UNKNOWN,N,,SALE,,,,,UNKNOWN
모니터,중고나라,228505087,델 27인치 4K 듀얼 모니터 세트 팝니다,570000,판매중,,https://img2.joongna.com/media/original/2026/05/12/1778544865350N2w_7JeVO.jpg?impolicy=thumb&size=150,https://web.joongna.com/product/228505087,2026-05-12 09:14,델 27인치 4k 듀얼 모니터 세트,,,UNKNOWN,N,,SALE,,,,,UNKNOWN
모니터,중고나라,228345692,삼성전자 오딧세이 g5 27인치 모니터,150000,판매중,,https://img2.joongna.com/media/original/2026/05/07/1778138011910s5c_O2FUD.jpg?impolicy=thumb&size=150,https://web.joongna.com/product/228345692,2026-05-12 09:11,삼성전자 오딧세이 g5 27인치 모니터,,,UNKNOWN,N,,SALE,,,,,UNKNOWN
모니터,중고나라,228291921,미개봉 삼성 스마트모니터 32인치 LS32FM503 화이트 팝니다.,225000,예약중,,https://img2.joongna.com/media/original/2026/05/06/1778015492541APN_zEuIR.jpg?impolicy=thumb&size=150,https://web.joongna.com/product/228291921,2026-05-12 09:09,삼성 스마트모니터 32인치 ls32fm503 화이트 .,,,UNKNOWN,N,,RESERVED,,,,,UNKNOWN
모니터,중고나라,228360131,삼성 오디세이 G3 게이밍 모니터 27인치 판매합니다,110000,판매중,,https://img2.joongna.com/media/original/2026/05/07/1778163411451aWI_Psznt.jpg?impolicy=thumb&size=150,https://web.joongna.com/product/228360131,2026-05-12 09:08,삼성 오디세이 g3 게이밍 모니터 27인치,,,UNKNOWN,N,,SALE,,,,,UNKNOWN
모니터,중고나라,228494389,모니터오디오 실버300 스피커 7세대,600000,판매중,,https://img2.joongna.com/media/original/2026/05/11/1778501950937ZXC_rTKWA.jpg?impolicy=thumb&size=150,https://web.joongna.com/product/228494389,2026-05-12 09:07,모니터오디오 실버300 스피커 7세대,,,UNKNOWN,N,,SALE,,,,,UNKNOWN
모니터,중고나라,228460093,삼성 27인치 듀얼 모니터세트,190000,판매중,,https://img2.joongna.com/media/original/2026/05/10/1778417815656ttV_XkmJo.jpg?impolicy=thumb&size=150,https://web.joongna.com/product/228460093,2026-05-12 09:04,삼성 27인치 듀얼 모니터세트,,,UNKNOWN,N,,SALE,,,,,UNKNOWN
모니터,중고나라,228459403,LG 24인치 듀얼 모니터 세트 팝니다,170000,판매중,,https://img2.joongna.com/media/original/2026/05/10/1778416576087L9h_4hqHa.jpg?impolicy=thumb&size=150,https://web.joongna.com/product/228459403,2026-05-12 09:04,lg 24인치 듀얼 모니터 세트,,,UNKNOWN,N,,SALE,,,,,UNKNOWN
모니터,중고나라,228392636,삼성 24인치 듀얼 모니터 세트 팝니다,170000,판매중,,https://img2.joongna.com/media/original/2026/05/08/1778245526697r4Z_xASwD.jpg?impolicy=thumb&size=150,https://web.joongna.com/product/228392636,2026-05-12 09:04,삼성 24인치 듀얼 모니터 세트,,,UNKNOWN,N,,SALE,,,,,UNKNOWN
모니터,중고나라,228387886,델 DELL 27+24인치 듀얼 모니터 세트 팝니다,270000,판매중,,https://img2.joongna.com/media/original/2026/05/08/1778236157888W5O_zmUkp.jpg?impolicy=thumb&size=150,https://web.joongna.com/product/228387886,2026-05-12 09:04,델 dell 27+24인치 듀얼 모니터 세트,,,UNKNOWN,N,,SALE,,,,,UNKNOWN
모니터,중고나라,228366567,i7-7700 본체하고 모니터 각개로 판매합니다 -,290000,판매중,,https://img2.joongna.com/media/original/2026/05/08/1778198643614F0O_rKAGx.jpg?impolicy=thumb&size=150,https://web.joongna.com/product/228366567,2026-05-12 09:04,i7-7700 본체하고 모니터 각개로 -,,,desktop,N,,SALE,I7-7700,,,,UNKNOWN
모니터,중고나라,228161031,27+32인치 듀얼 게이밍모니터세트,260000,판매중,,https://img2.joongna.com/media/original/2026/05/02/1777691644607ogP_LbJc2.jpg?impolicy=thumb&size=150,https://web.joongna.com/product/228161031,2026-05-12 09:04,27+32인치 듀얼 게이밍모니터세트,,,UNKNOWN,N,,SALE,,,,,UNKNOWN
모니터,중고나라,226947259,소니6mm모니터데크GV-HD700 빈티지캠코더6mm DCR-HC46팝니다,200000,판매중,,https://img2.joongna.com/media/original/2026/03/31/1774926475307BHB_zvUjk.JPG?impolicy=thumb&size=150,https://web.joongna.com/product/226947259,2026-05-12 08:30,소니6mm모니터데크gv-hd700 빈티지캠코더6mm dcr-hc46,,,UNKNOWN,N,,SALE,,,,,UNKNOWN
모니터,중고나라,228322173,에일리언웨어 AW2725DF 360Hz oled qhd 모니터,520000,판매중,,https://img2.joongna.com/media/original/2026/05/06/17780736298668Uk_gw6Ux.jpg?impolicy=thumb&size=150,https://web.joongna.com/product/228322173,2026-05-12 08:00,에일리언웨어 aw2725df 360hz oled qhd 모니터,,,UNKNOWN,N,,SALE,,,,,UNKNOWN
모니터,중고나라,228108947,13인치 휴대용 듀얼 모니터,180000,판매중,,https://img2.joongna.com/media/original/2026/04/30/1777550629050Xb0_xmKPo.jpg?impolicy=thumb&size=150,https://web.joongna.com/product/228108947,2026-05-12 08:25,13인치 휴대용 듀얼 모니터,,,UNKNOWN,N,,SALE,,,,,UNKNOWN
모니터,중고나라,228377359,(박스풀셋A급) DELL 에일리언웨어 AW2725Q QD-OLED 27인치 4K 240Hz 게이밍 모니터 (A02,770000,판매중,,https://img2.joongna.com/media/original/2026/05/08/1778217714381Qpe_LkaYz.jpg?impolicy=thumb&size=150,https://web.joongna.com/product/228377359,2026-05-12 08:28,(박스풀셋a급) dell 에일리언웨어 aw2725q qd-oled 27인치 4k 240hz 게이밍 모니터 (a02,,,BOX,Y,,SALE,,,,,UNKNOWN
모니터,중고나라,227640709,포트키BM5 5인치 모니터팝니다,130000,판매중,,https://img2.joongna.com/media/original/2026/04/18/1776477902116wlP_fewOy.JPG?impolicy=thumb&size=150,https://web.joongna.com/product/227640709,2026-05-12 08:26,포트키bm5 5인치 모니터,,,UNKNOWN,N,,SALE,,,,,UNKNOWN
모니터,중고나라,227201022,"컴퓨터본체, 모니터2대(32인치), 듀얼 모니터암 레드 세트 직거래",1050000,판매중,,https://img2.joongna.com/media/original/2026/04/07/1775538527007EGD_VyZ3O.jpg?impolicy=thumb&size=150,https://web.joongna.com/product/227201022,2026-05-12 08:03,"컴퓨터본체, 모니터2대(32인치), 듀얼 모니터암 레드 세트",,,desktop,N,,SALE,,,,,UNKNOWN
모니터,중고나라,228331772,개봉품) 델 U3225QE 정품모니터,1020000,판매중,,https://img2.joongna.com/media/original/2026/05/07/1778114823141dPN_OlE3l.jpg?impolicy=thumb&size=150,https://web.joongna.com/product/228331772,2026-05-12 08:54,개봉품) 델 u3225qe 모니터,,,UNKNOWN,N,,SALE,,,,,UNKNOWN
모니터,중고나라,228369127,"소니 MDR-M1 헤드폰 (sony, 밀폐형, 모니터링 레퍼런스 헤드폰)",260000,판매중,,https://img2.joongna.com/media/original/2026/05/08/1778204122897tXV_hMYoA.jpg?impolicy=thumb&size=150,https://web.joongna.com/product/228369127,2026-05-12 08:12,"소니 mdr-m1 헤드폰 (sony, 밀폐형, 모니터링 레퍼런스 헤드폰)",,,UNKNOWN,N,,SALE,,,,,UNKNOWN
모니터,중고나라,228087278,게이밍 모니터 AG275QXL League of Legends x AGON by AOC 판매합니다WQHD 170Hz,150000,판매중,,https://img2.joongna.com/media/original/2026/04/30/17775131062559Ok_fj4gr.jpg?impolicy=thumb&size=150,https://web.joongna.com/product/228087278,2026-05-12 08:00,게이밍 모니터 ag275qxl league of legends x agon by aoc wqhd 170hz,,,UNKNOWN,N,,SALE,,,,,UNKNOWN
모니터,중고나라,228332857,미개봉품) 델 U3225QE 정품모니터,1100000,판매중,,https://img2.joongna.com/media/original/2026/05/07/1778116904875qUe_bfNud.jpg?impolicy=thumb&size=150,https://web.joongna.com/product/228332857,2026-05-12 08:53,품) 델 u3225qe 모니터,,,UNKNOWN,N,,SALE,,,,,UNKNOWN
모니터,중고나라,228504542,MSI 271QR OLED X50 500HZ 게이밍 모니터,690000,판매중,,https://img2.joongna.com/media/original/2026/05/12/1778543358785rdG_x1VLn.jpg?impolicy=thumb&size=150,https://web.joongna.com/product/228504542,2026-05-12 08:49,msi 271qr oled x50 500hz 게이밍 모니터,,,UNKNOWN,N,,SALE,,,,,UNKNOWN
모니터,중고나라,227973971,LG 27gr93u 4k 144hz 모니터 판매합니다,340000,판매중,,https://img2.joongna.com/media/original/2026/04/27/17772557957310CJ_aotYM.jpg?impolicy=thumb&size=150,https://web.joongna.com/product/227973971,2026-05-12 08:33,lg 27gr93u 4k 144hz 모니터,,,UNKNOWN,N,,SALE,,,,,UNKNOWN
모니터,중고나라,228447006,LG 27GX700A 모니터 팝니다,730000,판매중,,https://img2.joongna.com/media/original/2026/05/10/1778395273777dpE_jYSQ7.jpg?impolicy=thumb&size=150,https://web.joongna.com/product/228447006,2026-05-12 08:24,lg 27gx700a 모니터,,,UNKNOWN,N,,SALE,,,,,UNKNOWN
모니터,중고나라,228475175,프스뱅크 듀얼모니터포스기 kds15인치모니터 브라켓,500000,판매중,,https://img2.joongna.com/media/original/2026/05/11/1778469907496sHy_3wz9h.jpg?impolicy=thumb&size=150,https://web.joongna.com/product/228475175,2026-05-12 08:53,프스뱅크 듀얼모니터포스기 kds15인치모니터 브라켓,,,UNKNOWN,N,,SALE,,,,,UNKNOWN
모니터,중고나라,228330103,삼성 43인치 스마트 모니터 팔아요 동탄,290000,판매중,,https://img2.joongna.com/media/original/2026/05/07/1778110422638mAO_4VsdO.jpg?impolicy=thumb&size=150,https://web.joongna.com/product/228330103,2026-05-12 08:45,삼성 43인치 스마트 모니터 동탄,,,UNKNOWN,N,,SALE,,,,,UNKNOWN
모니터,중고나라,228225796,게이밍 모니터-큐닉스 32인치 180HZ (A-급),85000,판매중,,https://img2.joongna.com/media/original/2026/05/04/1777860539206j08_vKaEO.png?impolicy=thumb&size=150,https://web.joongna.com/product/228225796,2026-05-12 08:39,게이밍 모니터-큐닉스 32인치 180hz (a-급),,,UNKNOWN,N,,SALE,,,,,UNKNOWN
모니터,중고나라,228504020,큐닉스 QX27GW 27인치 240hz 화이트 모니터,100000,판매중,,https://img2.joongna.com/media/original/2026/05/12/1778541548352dD0_VdT93.jpg?impolicy=thumb&size=150,https://web.joongna.com/product/228504020,2026-05-12 08:19,큐닉스 qx27gw 27인치 240hz 화이트 모니터,,,UNKNOWN,N,,SALE,,,,,UNKNOWN
모니터,중고나라,228503849,삼성 27인치 모니터 F27T350FH,85000,판매중,,https://img2.joongna.com/media/original/2026/05/12/1778540889076feH_4wKHI.jpg?impolicy=thumb&size=150,https://web.joongna.com/product/228503849,2026-05-12 08:08,삼성 27인치 모니터 f27t350fh,,,UNKNOWN,N,,SALE,,,,,UNKNOWN
모니터,중고나라,227036457,베링거 모니터 헤드폰 앰프 MA400,15000,판매중,,https://img2.joongna.com/media/original/2026/04/02/1775110863193dg0_rrf7b.jpg?impolicy=thumb&size=150,https://web.joongna.com/product/227036457,2026-05-12 07:08,베링거 모니터 헤드폰 앰프 ma400,,,UNKNOWN,N,,SALE,,,,,UNKNOWN
모니터,중고나라,228468625,MSI MAG 401QR 40인치 게이밍 모니터팝니다.,330000,거래완료,,https://img2.joongna.com/media/original/2026/05/11/1778457347469gS5_fsnIY.jpg?impolicy=thumb&size=150,https://web.joongna.com/product/228468625,2026-05-12 07:32,msi mag 401qr 40인치 게이밍 모니터.,,,UNKNOWN,N,,SOLD,,,,,UNKNOWN
모니터,중고나라,228296745,야마하 NS-690 시리즈2 모니터 스피커,600000,판매중,,https://img2.joongna.com/media/original/2026/05/06/1778031588248Jgg_fDp3y.jpg?impolicy=thumb&size=150,https://web.joongna.com/product/228296745,2026-05-12 07:53,야마하 ns-690 시리즈2 모니터 스피커,,,UNKNOWN,N,,SALE,,,,,UNKNOWN
모니터,중고나라,228296583,몽키바나나 바분6 고급모니터 스피커,550000,판매중,,https://img2.joongna.com/media/original/2026/05/06/1778031279517hAc_IRrOA.jpg?impolicy=thumb&size=150,https://web.joongna.com/product/228296583,2026-05-12 07:53,몽키바나나 바분6 고급모니터 스피커,,,UNKNOWN,N,,SALE,,,,,UNKNOWN
모니터,중고나라,228465892,벤큐 XL2566K(무결점) 모니터암 서비스,450000,예약중,,https://img2.joongna.com/media/original/2026/05/11/1778436447185V8r_VUAvG.jpg?impolicy=thumb&size=150,https://web.joongna.com/product/228465892,2026-05-12 07:49,벤큐 xl2566k(무결점) 모니터암 서비스,,,UNKNOWN,N,,RESERVED,,,,,UNKNOWN
모니터,중고나라,228465896,"올블랙 컨셉 게이밍 컴퓨터 판매합니다 벤큐 모니터, 지슈라2 핑크",1700000,판매중,,https://img2.joongna.com/media/original/2026/05/11/1778436514589rai_CVsAe.jpg?impolicy=thumb&size=150,https://web.joongna.com/product/228465896,2026-05-12 07:49,"올블랙 컨셉 게이밍 컴퓨터 벤큐 모니터, 지슈라2 핑크",,,desktop,N,,SALE,,,,,UNKNOWN
모니터,중고나라,226420322,"55인치 2x2 멀티비전(비디오월), DID 모니터 55인치",4400000,판매중,,https://img2.joongna.com/media/original/2026/03/17/1773746313006zUc_jGtKJ.jpg?impolicy=thumb&size=150,https://web.joongna.com/product/226420322,2026-05-12 07:39,"55인치 2x2 멀티비전(비디오월), did 모니터 55인치",,,UNKNOWN,N,,SALE,,,,,UNKNOWN
모니터,중고나라,227787322,27UP850K 울트라HD 모니터 1년 사용,310000,판매중,,https://img2.joongna.com/media/original/2026/04/22/1776817951798wWI_NTm2c.jpg?impolicy=thumb&size=150,https://web.joongna.com/product/227787322,2026-05-12 07:37,27up850k 울트라hd 모니터 1년 사용,,,UNKNOWN,N,,SALE,,,,,UNKNOWN
모니터,중고나라,228408312,24인치 모니터 75HZ,45000,판매중,,https://img2.joongna.com/media/original/2026/05/09/1778298491104c8B_1wFZU.jpg?impolicy=thumb&size=150,https://web.joongna.com/product/228408312,2026-05-12 07:31,24인치 모니터 75hz,,,UNKNOWN,N,,SALE,,,,,UNKNOWN
모니터,중고나라,228220530,넬코 베드사이드 산소포화도 측정 모니터 신품급 71만에 싸게 팝니다.,710000,판매중,,https://img2.joongna.com/media/original/2026/05/04/17778474695094hj_gokf7.jpg?impolicy=thumb&size=150,https://web.joongna.com/product/228220530,2026-05-12 07:28,넬코 베드사이드 산소포화도 측정 모니터 신품급 71만에 싸게 .,,,UNKNOWN,N,,SALE,,,,,UNKNOWN
모니터,중고나라,226513681,벤츠 전차종 오디오 커맨드 모니터,350000,판매중,,https://img2.joongna.com/media/original/2026/03/20/1773963898229O0J_7851g.jpg?impolicy=thumb&size=150,https://web.joongna.com/product/226513681,2026-05-12 07:58,벤츠 전차종 오디오 커맨드 모니터,,,UNKNOWN,N,,SALE,,,,,UNKNOWN
모니터,중고나라,228296624,엘락 AM-200 액티브 모니터링 스피커,600000,판매중,,https://img2.joongna.com/media/original/2026/05/06/1778031366474Ks7_iA5qr.jpg?impolicy=thumb&size=150,https://web.joongna.com/product/228296624,2026-05-12 07:53,엘락 am-200 액티브 모니터링 스피커,,,UNKNOWN,N,,SALE,,,,,UNKNOWN
모니터,중고나라,228503631,모니터 조명 램프 (Benq 스크린바 Halo 2),320000,판매중,,https://img2.joongna.com/media/original/2026/05/12/177853987515933t_Q3ubU.jpg?impolicy=thumb&size=150,https://web.joongna.com/product/228503631,2026-05-12 07:52,모니터 조명 램프 (benq 스크린바 halo 2),,,UNKNOWN,N,,SALE,,,,,UNKNOWN
모니터,중고나라,228465213,주연테크 v28ue m v2 28인치 4k 모니터 (마지막 가격인하),140000,판매중,,https://img2.joongna.com/media/original/2026/05/11/1778430609220AWW_rIZR3.png?impolicy=thumb&size=150,https://web.joongna.com/product/228465213,2026-05-12 07:46,주연테크 v28ue m v2 28인치 4k 모니터 (마지막 가격인하),,,UNKNOWN,N,,SALE,,,,,UNKNOWN
모니터,중고나라,228502807,제우스랩 15.6인치 노트북 휴대용 보조 모니터,70000,거래완료,,https://img2.joongna.com/media/original/2026/05/12/1778535279664cmg_cQUvu.jpg?impolicy=thumb&size=150,https://web.joongna.com/product/228502807,2026-05-12 06:34,제우스랩 15.6인치 노트북 휴대용 보조 모니터,,,laptop,N,,SOLD,,,,,UNKNOWN
모니터,중고나라,227498091,24인치 모니터 플럭스,75000,판매중,,https://img2.joongna.com/media/original/2026/04/14/1776148451660fdQ_QKyV8.jpg?impolicy=thumb&size=150,https://web.joongna.com/product/227498091,2026-05-12 06:51,24인치 모니터 플럭스,,,UNKNOWN,N,,SALE,,,,,UNKNOWN
모니터,중고나라,225235365,주연테크 캐리뷰 V18QP 18인치 휴대용 포터블 모니터,285000,판매중,,https://img2.joongna.com/media/original/2026/02/13/1770967294731kMS_OIX8w.jpg?impolicy=thumb&size=150,https://web.joongna.com/product/225235365,2026-05-12 06:50,주연테크 캐리뷰 v18qp 18인치 휴대용 포터블 모니터,,,UNKNOWN,N,,SALE,,,,,UNKNOWN
모니터,중고나라,225235260,주연테크 V32UE-E (무결점) 32인치 USB-C 모니터,305000,판매중,,https://img2.joongna.com/media/original/2026/02/13/17709671459517vW_3sjx2.jpg?impolicy=thumb&size=150,https://web.joongna.com/product/225235260,2026-05-12 06:50,주연테크 v32ue-e (무결점) 32인치 usb-c 모니터,,,UNKNOWN,N,,SALE,,,,,UNKNOWN
모니터,중고나라,228502868,ama 30plus 모니터암,15000,판매중,,https://img2.joongna.com/media/original/2026/05/12/1778535710984nHq_tbsw4.jpg?impolicy=thumb&size=150,https://web.joongna.com/product/228502868,2026-05-12 06:41,ama 30plus 모니터암,,,UNKNOWN,N,,SALE,,,,,UNKNOWN
모니터,중고나라,228502800,LG 32UN650K 모니터 32인치 4K UHD +카멜모니터암,300000,판매중,,https://img2.joongna.com/media/original/2026/05/12/1778535197266MDu_hPtO7.jpg?impolicy=thumb&size=150,https://web.joongna.com/product/228502800,2026-05-12 06:33,lg 32un650k 모니터 32인치 4k uhd +카멜모니터암,,,UNKNOWN,N,,SALE,,,,,UNKNOWN
모니터,중고나라,228274310,델 에일리언웨어 모니터 AW2724HF FHD 360HZ 팝니다,240000,판매중,,https://img2.joongna.com/media/original/2026/05/05/1777967647370Uw4_wrcc2.jpg?impolicy=thumb&size=150,https://web.joongna.com/product/228274310,2026-05-12 05:38,델 에일리언웨어 모니터 aw2724hf fhd 360hz,,,UNKNOWN,N,,SALE,,,,,UNKNOWN
모니터,중고나라,227536578,야마하 HS50M 모니터 스피커,300000,판매중,,https://img2.joongna.com/media/original/2026/04/15/1776232910640w7f_r5MGA.jpg?impolicy=thumb&size=150,https://web.joongna.com/product/227536578,2026-05-12 05:08,야마하 hs50m 모니터 스피커,,,UNKNOWN,N,,SALE,,,,,UNKNOWN
모니터,중고나라,228488611,"태블릿,스마트폰 및 포터블 모니터 침대거치대 스탠드 팝니다",70000,판매중,,https://img2.joongna.com/media/original/2026/05/11/1778492003014kbi_6v4EK.jpg?impolicy=thumb&size=150,https://web.joongna.com/product/228488611,2026-05-12 05:04,"태블릿,스마트폰 및 포터블 모니터 침대거치대 스탠드",,,STAND,Y,,SALE,,,,,UNKNOWN
모니터,중고나라,228416510,ugee ue16 드로잉 타블렛 모니터 미개봉 직구품,189000,판매중,,https://img2.joongna.com/media/original/2026/05/09/1778312364017nGD_VJLB5.jpg?impolicy=thumb&size=150,https://web.joongna.com/product/228416510,2026-05-12 04:05,ugee ue16 드로잉 타블렛 모니터 직구품,,,UNKNOWN,N,,SALE,,,,,UNKNOWN
모니터,중고나라,228225470,7인치 필드모니터 릴리풋 a7s,90000,판매중,,https://img2.joongna.com/media/original/2026/05/04/1777860047587Vng_HTwNv.jpg?impolicy=thumb&size=150,https://web.joongna.com/product/228225470,2026-05-12 02:04,7인치 필드모니터 릴리풋 a7s,,,UNKNOWN,N,,SALE,,,,,UNKNOWN
모니터,중고나라,228315272,qhd 32인치 240hz 모니터 팝니다,220000,판매중,,https://img2.joongna.com/media/original/2026/05/06/1778061605930R9G_8tZp6.jpg?impolicy=thumb&size=150,https://web.joongna.com/product/228315272,2026-05-12 02:54,qhd 32인치 240hz 모니터,,,UNKNOWN,N,,SALE,,,,,UNKNOWN
모니터,중고나라,228102968,게이밍 모니터,150000,판매중,,https://img2.joongna.com/media/original/2026/04/30/1777539610996lZy_kUrPC.jpg?impolicy=thumb&size=150,https://web.joongna.com/product/228102968,2026-05-12 02:41,게이밍 모니터,,,UNKNOWN,N,,SALE,,,,,UNKNOWN
모니터,중고나라,228218405,벤큐 ma270u 4K 맥전용 모니터,600000,판매중,,https://img2.joongna.com/media/original/2026/05/04/1777826713005FqW_f9gkR.jpg?impolicy=thumb&size=150,https://web.joongna.com/product/228218405,2026-05-12 02:09,벤큐 ma270u 4k 맥전용 모니터,,,UNKNOWN,N,,SALE,,,,,UNKNOWN
모니터,중고나라,228239761,mac 전용 벤큐 ma270u 4K 모니터,600000,판매중,,https://img2.joongna.com/media/original/2026/05/04/17778825931163S3_F1WCy.jpg?impolicy=thumb&size=150,https://web.joongna.com/product/228239761,2026-05-12 02:09,mac 전용 벤큐 ma270u 4k 모니터,,,UNKNOWN,N,,SALE,,,,,UNKNOWN
모니터,중고나라,228016124,NETmate 모니터 자동 분배기(NM-V21),5000,판매중,,https://img2.joongna.com/media/original/2026/04/28/1777348354168Ss4_6mFay.jpg?impolicy=thumb&size=150,https://web.joongna.com/product/228016124,2026-05-12 02:06,netmate 모니터 자동 분배기(nm-v21),,,UNKNOWN,N,,SALE,,,,,UNKNOWN
모니터,중고나라,228179282,벤큐 스크린바 플러스 모니터 조명,70000,판매중,,https://img2.joongna.com/media/original/2026/05/02/1777725896608KIX_JlL47.jpeg?impolicy=thumb&size=150,https://web.joongna.com/product/228179282,2026-05-12 02:02,벤큐 스크린바 플러스 모니터 조명,,,UNKNOWN,N,,SALE,,,,,UNKNOWN
모니터,중고나라,228501397,SEETEC P173 4K 필드 모니터,470000,판매중,,https://img2.joongna.com/media/original/2026/05/12/17785186093177T8_m11Ag.jpg?impolicy=thumb&size=150,https://web.joongna.com/product/228501397,2026-05-12 01:56,seetec p173 4k 필드 모니터,,,UNKNOWN,N,,SALE,,,,,UNKNOWN
모니터,중고나라,228177300,삼성 PAVV LED TV 모니터 32인치,65000,판매중,,https://img2.joongna.com/media/original/2026/05/02/17777223986161jf_ZOJqw.jpg?impolicy=thumb&size=150,https://web.joongna.com/product/228177300,2026-05-12 01:09,삼성 pavv led tv 모니터 32인치,,,UNKNOWN,N,,SALE,,,,,UNKNOWN
모니터,중고나라,227797052,X24F 144Hz 게이밍 모니터 신상,95000,판매중,,https://img2.joongna.com/media/original/2026/04/22/1776832982483R8x_vxHjn.jpeg?impolicy=thumb&size=150,https://web.joongna.com/product/227797052,2026-05-12 01:35,x24f 144hz 게이밍 모니터 신상,,,UNKNOWN,N,,SALE,,,,,UNKNOWN
모니터,중고나라,228501060,고장난 LG 32un650 32인치 4K 모니터,20000,판매중,,https://img2.joongna.com/media/original/2026/05/12/1778516225801pml_kyEIP.jpg?impolicy=thumb&size=150,https://web.joongna.com/product/228501060,2026-05-12 01:17,고장난 lg 32un650 32인치 4k 모니터,,,PARTS,Y,,SALE,,,,,UNKNOWN
모니터,중고나라,225889078,주연테크 Q27C65-120 (무결점) 27인치 QHD 120Hz 모니터 Type C 4면슬림베젤,219000,판매중,,https://img2.joongna.com/media/original/2026/03/04/1772582086411ets_sRM8W.jpg?impolicy=thumb&size=150,https://web.joongna.com/product/225889078,2026-05-12 01:00,주연테크 q27c65-120 (무결점) 27인치 qhd 120hz 모니터 type c 4면슬림베젤,,,UNKNOWN,N,,SALE,,,,,UNKNOWN
모니터,중고나라,225522027,Dell 2721DS 27인치 QHD 모니터,130000,판매중,,https://img2.joongna.com/media/original/2026/02/22/1771735966459qzU_bVs2h.jpeg?impolicy=thumb&size=150,https://web.joongna.com/product/225522027,2026-05-12 00:05,dell 2721ds 27인치 qhd 모니터,,,UNKNOWN,N,,SALE,,,,,UNKNOWN
모니터,중고나라,228069554,kali Audio 칼리오디오 LP-6 모니터링 스피커 1조 2통,250000,판매중,,https://img2.joongna.com/media/original/2026/04/30/1777485544007X5e_Ya3Xz.jpg?impolicy=thumb&size=150,https://web.joongna.com/product/228069554,2026-05-12 00:31,kali audio 칼리오디오 lp-6 모니터링 스피커 1조 2통,,,UNKNOWN,N,,SALE,,,,,UNKNOWN
모니터,중고나라,228216223,"컴퓨터풀세트i7,16GBGTX1070삼성32인치모니터,180GB+마우스,패드+키보드30만원",300000,판매중,,https://img2.joongna.com/media/original/2026/05/03/1777820043609ino_gvH5H.jpg?impolicy=thumb&size=150,https://web.joongna.com/product/228216223,2026-05-12 00:00,"컴퓨터풀세트i7,16gbgtx1070삼성32인치모니터,180gb+마우스,패드+키보드30만원",,,desktop,N,16.0,SALE,,GTX1070,,,UNKNOWN
모니터,중고나라,228017131,삼성 무빙스타일 M5 32인치 스마트 모니터 삼텐바이미,360000,판매중,,https://img2.joongna.com/media/original/2026/05/12/1778514358336IvQ_DQboc.jpg?impolicy=thumb&size=150,https://web.joongna.com/product/228017131,2026-05-12 00:46,삼성 무빙스타일 m5 32인치 스마트 모니터 삼텐바이미,,,UNKNOWN,N,,SALE,,,,,UNKNOWN
모니터,중고나라,228182918,[미개봉 제품] 비트엠 Newsync P140FT 14인치 포터블 휴대용 모니터 멀티뷰 HDR 무결점 서브 모니터,115000,판매중,,https://img2.joongna.com/media/original/2026/05/02/1777733736687Ixi_Ua78k.jpg?impolicy=thumb&size=150,https://web.joongna.com/product/228182918,2026-05-12 00:25,[ 제품] 비트엠 newsync p140ft 14인치 포터블 휴대용 모니터 멀티뷰 hdr 무결점 서브 모니터,,,UNKNOWN,N,,SALE,,,,,UNKNOWN
모니터,중고나라,228326408,벤티언 HDMI 2 1 스위처 8K 60Hz 모니터 분배기 팝니다,12000,판매중,,https://img2.joongna.com/media/original/2026/05/07/17780827401044Tc_g3jYd.jpg?impolicy=thumb&size=150,https://web.joongna.com/product/228326408,2026-05-12 00:07,벤티언 hdmi 2 1 스위처 8k 60hz 모니터 분배기,,,UNKNOWN,N,,SALE,,,,,UNKNOWN
모니터,중고나라,228431945,테더툴스 모니터 마운트 Local Vu Monitor Mount + Rock Solid Aero Elbow,230000,판매중,,https://img2.joongna.com/media/original/2026/05/10/1778347891643M49_yke8U.jpg?impolicy=thumb&size=150,https://web.joongna.com/product/228431945,2026-05-12 00:03,테더툴스 모니터 마운트 local vu monitor mount + rock solid aero elbow,,,UNKNOWN,N,,SALE,,,,,UNKNOWN
모니터,중고나라,228500731,LG 23인치 풀HD LED IPS 광시야각 모니터 HDMI케이블 모델23MP47HQ,50000,판매중,,https://img2.joongna.com/media/original/2026/05/12/1778514365406TB8_atKEy.jpg?impolicy=thumb&size=150,https://web.joongna.com/product/228500731,2026-05-12 00:50,lg 23인치 풀hd led ips 광시야각 모니터 hdmi케이블 모델23mp47hq,,,CABLE,Y,,SALE,,,,,UNKNOWN
모니터,중고나라,228290420,삼성 24인치 게이밍 모니터,200000,판매중,,https://img2.joongna.com/media/original/2026/05/06/1777998411583yaQ_z3pc2.jpg?impolicy=thumb&size=150,https://web.joongna.com/product/228290420,2026-05-12 00:28,삼성 24인치 게이밍 모니터,,,UNKNOWN,N,,SALE,,,,,UNKNOWN
모니터,중고나라,228219026,포칼 솔로6 ST6 모니터링 스피커 (신형) 1조 판매,2600000,판매중,,https://img2.joongna.com/media/original/2026/05/04/1777831594236vU4_efSQn.jpg?impolicy=thumb&size=150,https://web.joongna.com/product/228219026,2026-05-11 23:00,포칼 솔로6 st6 모니터링 스피커 (신형) 1조,,,UNKNOWN,N,,SALE,,,,,UNKNOWN
모니터,중고나라,228001887,lg 32인치 fhd 티비 모니터 15년식,55000,판매중,,https://img2.joongna.com/media/original/2026/04/27/1777300216475tXF_kllnb.jpg?impolicy=thumb&size=150,https://web.joongna.com/product/228001887,2026-05-11 23:46,lg 32인치 fhd 티비 모니터 15년식,,,UNKNOWN,N,,SALE,,,,,UNKNOWN
모니터,중고나라,227432505,픽셀아트 fhd 32인치 모니터 pa322mf,80000,거래완료,,https://img2.joongna.com/media/original/2026/04/12/17759956460862hf_oDf7S.jpg?impolicy=thumb&size=150,https://web.joongna.com/product/227432505,2026-05-11 23:42,픽셀아트 fhd 32인치 모니터 pa322mf,,,UNKNOWN,N,,SOLD,,,,,UNKNOWN
모니터,중고나라,227704855,포터블 듀얼 모니터 18인치 팜,200000,판매중,,https://img2.joongna.com/media/original/2026/04/20/1776615923231Gs5_r7PmN.jpg?impolicy=thumb&size=150,https://web.joongna.com/product/227704855,2026-05-11 22:55,포터블 듀얼 모니터 18인치 팜,,,UNKNOWN,N,,SALE,,,,,UNKNOWN
모니터,중고나라,228497443,모니터오디오 골드50 6G (이번 주까지만 145에 급처),1450000,판매중,,https://img2.joongna.com/media/original/2026/05/11/1778506966852xI4_baaRw.JPEG?impolicy=thumb&size=150,https://web.joongna.com/product/228497443,2026-05-11 22:43,모니터오디오 골드50 6g (이번 주까지만 145에 ),,,UNKNOWN,N,,SALE,,,,,UNKNOWN
모니터,중고나라,228236365,"LG 모니터(LED TV), 복합기(삼성), 노트북 받침대(3M), 시슬리 벨라백, 유선 전화기, 공기측정기 (중고",3000,판매중,,https://img2.joongna.com/media/original/2026/05/04/17778776426925VP_06Hm2.jpg?impolicy=thumb&size=150,https://web.joongna.com/product/228236365,2026-05-11 22:54,"lg 모니터(led tv), 복합기(삼성), 노트북 받침대(3m), 시슬리 벨라백, 유선 전화기, 공기측정기 (중고",,,laptop,N,,SALE,,,,,UNKNOWN
모니터,중고나라,228001915,lg mx2752 티비겸모니터,55000,판매중,,https://img2.joongna.com/media/original/2026/04/27/1777300260365zXp_elXA3.jpg?impolicy=thumb&size=150,https://web.joongna.com/product/228001915,2026-05-11 22:38,lg mx2752 티비겸모니터,,,UNKNOWN,N,,SALE,,,,,UNKNOWN
모니터,중고나라,228497075,벤큐 xl2546k 게이밍 모니터 판매합니다,430000,예약중,,https://img2.joongna.com/media/original/2026/05/11/1778506332321DZt_UR6ET.jpg?impolicy=thumb&size=150,https://web.joongna.com/product/228497075,2026-05-11 22:32,벤큐 xl2546k 게이밍 모니터,,,UNKNOWN,N,,RESERVED,,,,,UNKNOWN
모니터,중고나라,228207933,23인치 LED 모니터,22000,판매중,,https://img2.joongna.com/media/original/2026/05/03/17778046038823xO_ZcGAl.jpg?impolicy=thumb&size=150,https://web.joongna.com/product/228207933,2026-05-11 22:28,23인치 led 모니터,,,UNKNOWN,N,,SALE,,,,,UNKNOWN
모니터,중고나라,228496688,삼성스마트모니터 m5 32인치 FHD 모니터,220000,판매중,,https://img2.joongna.com/media/original/2026/05/11/1778505717807yWR_rI2YG.jpg?impolicy=thumb&size=150,https://web.joongna.com/product/228496688,2026-05-11 22:21,삼성스마트모니터 m5 32인치 fhd 모니터,,,UNKNOWN,N,,SALE,,,,,UNKNOWN
모니터,중고나라,227954409,빌트록스 모니터 viltrox DC550 PRO + 추가배터리 1개,180000,예약중,,https://img2.joongna.com/media/original/2026/04/26/1777196195249GNE_nmkaX.jpg?impolicy=thumb&size=150,https://web.joongna.com/product/227954409,2026-05-11 22:10,빌트록스 모니터 viltrox dc550 pro + 추가배터리 1개,,,UNKNOWN,N,,RESERVED,,,,,UNKNOWN
모니터,중고나라,228351253,KM 26772 스튜디오 모니터 스피커 스탠드 판매합니다,130000,판매중,,https://img2.joongna.com/media/original/2026/05/07/1778147465549JVn_5PhFE.jpg?impolicy=thumb&size=150,https://web.joongna.com/product/228351253,2026-05-11 22:08,km 26772 스튜디오 모니터 스피커 스탠드,,,UNKNOWN,N,,SALE,,,,,UNKNOWN
모니터,중고나라,227716846,[새상품] DELL 32 모니터 S3225QC QD-OLED 120Hz USB-C 피벗 스피커,1040000,판매중,,https://img2.joongna.com/media/original/2026/04/20/1776657394307SiV_J8z7m.jpg?impolicy=thumb&size=150,https://web.joongna.com/product/227716846,2026-05-11 22:50,[] dell 32 모니터 s3225qc qd-oled 120hz usb-c 피벗 스피커,,,UNKNOWN,N,,SALE,,,,,UNKNOWN
모니터,중고나라,228497610,POS 15인치 모니터 일체형 윈도우XP 팬리스,200000,판매중,,https://img2.joongna.com/media/original/2026/05/11/1778507303780w4R_DUUlO.JPG?impolicy=thumb&size=150,https://web.joongna.com/product/228497610,2026-05-11 22:49,pos 15인치 모니터 일체형 윈도우xp 팬리스,,,UNKNOWN,N,,SALE,,,,,UNKNOWN
모니터,중고나라,227858001,LG 울트라 와이드 모니터 34um58용 보드,20000,판매중,,https://img2.joongna.com/media/original/2026/04/23/1776956161344Mp8_amc4P.jpg?impolicy=thumb&size=150,https://web.joongna.com/product/227858001,2026-05-11 22:46,lg 울트라 와이드 모니터 34um58용 보드,,,UNKNOWN,N,,SALE,,,,,UNKNOWN
모니터,중고나라,228001960,삼성 커브드 32인치 fhd18년 제품 tv겸 모니터,100000,판매중,,https://img2.joongna.com/media/original/2026/04/27/177730033272150V_LGNIM.jpg?impolicy=thumb&size=150,https://web.joongna.com/product/228001960,2026-05-11 22:42,삼성 커브드 32인치 fhd18년 제품 tv겸 모니터,,,UNKNOWN,N,,SALE,,,,,UNKNOWN
모니터,중고나라,228001949,lg울트라기어 24인치 24gn600 게이밍모니터,115000,판매중,,https://img2.joongna.com/media/original/2026/04/27/1777300315520GVw_QnVrZ.jpg?impolicy=thumb&size=150,https://web.joongna.com/product/228001949,2026-05-11 22:42,lg울트라기어 24인치 24gn600 게이밍모니터,,,UNKNOWN,N,,SALE,,,,,UNKNOWN
모니터,중고나라,228108060,레이싱 게임 세트. 넥스트레벨 레이싱 로지텍g29 모니터 세트 판매,600000,판매중,,https://img2.joongna.com/media/original/2026/05/09/1778310323551Y7Q_5MwO0.jpg?impolicy=thumb&size=150,https://web.joongna.com/product/228108060,2026-05-11 21:12,레이싱 게임 세트. 넥스트레벨 레이싱 로지텍g29 모니터 세트,,,UNKNOWN,N,,SALE,,,,,UNKNOWN
모니터,중고나라,228495695,삼성 스마트 모니터 M7 32인치 미개봉 판매,320000,판매중,,https://img2.joongna.com/media/original/2026/05/11/1778503990666xE4_PYAFQ.jpg?impolicy=thumb&size=150,https://web.joongna.com/product/228495695,2026-05-11 21:53,삼성 스마트 모니터 m7 32인치,,,UNKNOWN,N,,SALE,,,,,UNKNOWN
모니터,중고나라,228243971,앱코 34인치 wqhd 나노 ips화이트모니터 165헤르츠 팜,220000,판매중,,https://img2.joongna.com/media/original/2026/05/04/1777889997841RXi_CzHic.jpg?impolicy=thumb&size=150,https://web.joongna.com/product/228243971,2026-05-11 21:47,앱코 34인치 wqhd 나노 ips화이트모니터 165헤르츠 팜,,,UNKNOWN,N,,SALE,,,,,UNKNOWN
모니터,중고나라,228457493,lg 38인치 게이밍 모니터 38gn950,500000,판매중,,https://img2.joongna.com/media/original/2026/05/10/1778413124138rOR_Nttn1.jpg?impolicy=thumb&size=150,https://web.joongna.com/product/228457493,2026-05-11 21:09,lg 38인치 게이밍 모니터 38gn950,,,UNKNOWN,N,,SALE,,,,,UNKNOWN
모니터,중고나라,228495348,미니 선풍기와 모니터 메모보드 세트.휴대 접이식 태블릿 거치대,5000,판매중,,https://img2.joongna.com/media/original/2026/05/11/1778503404820byp_qcUns.jpg?impolicy=thumb&size=150,https://web.joongna.com/product/228495348,2026-05-11 21:43,미니 선풍기와 모니터 메모보드 세트.휴대 접이식 태블릿 거치대,,,STAND,Y,,SALE,,,,,UNKNOWN
모니터,중고나라,228155826,그랜져HG 순정AVN 모니터,110000,판매중,,https://img2.joongna.com/media/original/2026/05/02/1777681256907juo_xqf6m.jpg?impolicy=thumb&size=150,https://web.joongna.com/product/228155826,2026-05-11 21:43,그랜져hg 순정avn 모니터,,,UNKNOWN,N,,SALE,,,,,UNKNOWN
모니터,중고나라,217228308,뉴에쿠스 모니터 (96563-3B700),40000,판매중,,https://img2.joongna.com/media/original/2025/08/10/1754799740441G5U_y0njx.jpg?impolicy=thumb&size=150,https://web.joongna.com/product/217228308,2026-05-11 21:39,뉴에쿠스 모니터 (96563-3b700),,,UNKNOWN,N,,SALE,,,,,UNKNOWN
모니터,중고나라,228354557,32gn50r 모니터팔아요 fhd165,200000,판매중,,https://img2.joongna.com/media/original/2026/05/07/17781533572369gW_W28et.jpg?impolicy=thumb&size=150,https://web.joongna.com/product/228354557,2026-05-11 21:37,32gn50r 모니터 fhd165,,,UNKNOWN,N,,SALE,,,,,UNKNOWN
모니터,중고나라,228495029,새상품) 메탈 높이 조절 모니터 받침대,17000,판매중,,https://img2.joongna.com/media/original/2026/05/11/1778502945867Fra_clgUI.jpg?impolicy=thumb&size=150,https://web.joongna.com/product/228495029,2026-05-11 21:35,) 메탈 높이 조절 모니터 받침대,,,UNKNOWN,N,,SALE,,,,,UNKNOWN
모니터,중고나라,228177216,데스크탑본체 + 모니터,2300000,판매중,,https://img2.joongna.com/media/original/2026/05/02/1777722232983Xxu_PKX9R.jpg?impolicy=thumb&size=150,https://web.joongna.com/product/228177216,2026-05-11 21:26,데스크탑본체 + 모니터,,,desktop,N,,SALE,,,,,UNKNOWN
모니터,중고나라,228412785,엘지 모니터 34g630A,350000,판매중,,https://img2.joongna.com/media/original/2026/05/09/17783062498942IX_Q3LjV.jpg?impolicy=thumb&size=150,https://web.joongna.com/product/228412785,2026-05-11 21:26,엘지 모니터 34g630a,,,UNKNOWN,N,,SALE,,,,,UNKNOWN
모니터,중고나라,228282550,베이스어스 모니터 조명 미개봉,20000,판매중,,https://img2.joongna.com/media/original/2026/05/05/1777981819065Avq_hbHhv.jpg?impolicy=thumb&size=150,https://web.joongna.com/product/228282550,2026-05-11 21:18,베이스어스 모니터 조명,,,UNKNOWN,N,,SALE,,,,,UNKNOWN
모니터,중고나라,228494362,iGPSPORT HR50 심박수 모니터 미개봉 새상품입니다,45000,판매중,,https://img2.joongna.com/media/original/2026/05/11/1778501906330Xcq_KKfTf.jpg?impolicy=thumb&size=150,https://web.joongna.com/product/228494362,2026-05-11 21:18,igpsport hr50 심박수 모니터 입니다,,,UNKNOWN,N,,SALE,,,,,UNKNOWN
모니터,중고나라,228493800,컨트롤프릭 Gaming Lights 3.6m 모니터조명 미니조명 RGB조명 LED라이트,10000,판매중,,https://img2.joongna.com/media/original/2026/05/11/1778500898145tsL_iaK89.jpg?impolicy=thumb&size=150,https://web.joongna.com/product/228493800,2026-05-11 21:02,컨트롤프릭 gaming lights 3.6m 모니터조명 미니조명 rgb조명 led라이트,,,UNKNOWN,N,,SALE,,,,,UNKNOWN
모니터,중고나라,228491542,삼성 crt 모니터 씽크마스터 CD173G,200000,판매중,,https://img2.joongna.com/media/original/2026/05/11/17784972026696n1_uytfn.jpg?impolicy=thumb&size=150,https://web.joongna.com/product/228491542,2026-05-11 20:00,삼성 crt 모니터 씽크마스터 cd173g,,,UNKNOWN,N,,SALE,,,,,UNKNOWN
모니터,중고나라,227919295,POS뱅크 포스기 세트(돈통+모니터+카드결제기+영수증프린터+키보드마우스+스피커),280000,판매중,,https://img2.joongna.com/media/original/2026/04/25/1777109245471Nn0_V6MwR.jpg?impolicy=thumb&size=150,https://web.joongna.com/product/227919295,2026-05-11 20:13,pos뱅크 포스기 세트(돈통+모니터+카드결제기+영수증프린터+키보드마우스+스피커),,,UNKNOWN,N,,SALE,,,,,UNKNOWN
모니터,중고나라,228492004,VRTX7-W3 일본 CRT 모니터 17인치,100000,판매중,,https://img2.joongna.com/media/original/2026/05/11/17784979641557Xl_Dg9Zf.jpg?impolicy=thumb&size=150,https://web.joongna.com/product/228492004,2026-05-11 20:12,vrtx7-w3 일본 crt 모니터 17인치,,,UNKNOWN,N,,SALE,,,,,UNKNOWN
모니터,중고나라,228493468,삼성 오디세이 G7 32인치 144hz 4K 모니터 팝니다 (삼텐바이미 거치대 포함),470000,판매중,,https://img2.joongna.com/media/original/2026/05/11/1778500550223jbT_Rnc3b.jpg?impolicy=thumb&size=150,https://web.joongna.com/product/228493468,2026-05-11 20:53,삼성 오디세이 g7 32인치 144hz 4k 모니터 (삼텐바이미 거치대 포함),,,STAND,Y,,SALE,,,,,UNKNOWN
모니터,중고나라,228108214,32인치 티비겸모니터,120000,판매중,,https://img2.joongna.com/media/original/2026/04/30/1777549413846nsm_xZUHY.jpg?impolicy=thumb&size=150,https://web.joongna.com/product/228108214,2026-05-11 20:42,32인치 티비겸모니터,,,UNKNOWN,N,,SALE,,,,,UNKNOWN
모니터,중고나라,228492260,(거의새것)lg 32up880k 4k모니터,550000,판매중,,https://img2.joongna.com/media/original/2026/05/11/1778498433608mGZ_G7XCd.jpg?impolicy=thumb&size=150,https://web.joongna.com/product/228492260,2026-05-11 20:20,()lg 32up880k 4k모니터,,,UNKNOWN,N,,SALE,,,,,UNKNOWN
모니터,중고나라,228493585,필월드 5.5인치 4K 카메라용 필드 모니터 (FEELWORLD F6 PLUS),90000,예약중,,https://img2.joongna.com/media/original/2026/05/11/1778500523585XvX_WnXaR.JPEG?impolicy=thumb&size=150,https://web.joongna.com/product/228493585,2026-05-11 20:55,필월드 5.5인치 4k 카메라용 필드 모니터 (feelworld f6 plus),,,UNKNOWN,N,,RESERVED,,,,,UNKNOWN
모니터,중고나라,219682361,PC & 컴퓨터 & 모니터 - 파워케이블 & 전원케이블,3000,판매중,,https://img2.joongna.com/cafe-article-data/live/2025/09/18/1117365130/1758127774573_000_cLKCc_main.jpeg?impolicy=thumb&size=150,https://web.joongna.com/product/219682361,2026-05-11 20:53,pc & 컴퓨터 & 모니터 - 파워케이블 & 전원케이블,,,CABLE,Y,,SALE,,,,,UNKNOWN
모니터,중고나라,228493474,키보드 모니터 마우스패드 합쳐서 팔아요,50000,판매중,,https://img2.joongna.com/media/original/2026/05/11/1778500393637O6A_f9Hn4.jpg?impolicy=thumb&size=150,https://web.joongna.com/product/228493474,2026-05-11 20:53,키보드 모니터 마우스패드 합쳐서,,,UNKNOWN,N,,SALE,,,,,UNKNOWN
모니터,중고나라,228493473,[삽니다] 에일리언웨어 AW2721D 찐싱크 모니터 구매,200000,판매중,,https://img2.joongna.com/media/original/2026/05/11/1778500393669BNN_bJhrW.jpg?impolicy=thumb&size=150,https://web.joongna.com/product/228493473,2026-05-11 20:53,[] 에일리언웨어 aw2721d 찐싱크 모니터 구매,,,UNKNOWN,N,,SALE,,,,,UNKNOWN
모니터,중고나라,228493355,[삽니다] BenQ XL2546K XL2546X+ 벤큐 모니터 구매,300000,판매중,,https://img2.joongna.com/media/original/2026/05/11/1778500214035hDm_z9ZDF.jpg?impolicy=thumb&size=150,https://web.joongna.com/product/228493355,2026-05-11 20:50,[] benq xl2546k xl2546x+ 벤큐 모니터 구매,,,UNKNOWN,N,,SALE,,,,,UNKNOWN
모니터,중고나라,228177223,32인치 티비겸모니터,120000,판매중,,https://img2.joongna.com/media/original/2026/05/02/1777722246570oR6_LuWAj.jpg?impolicy=thumb&size=150,https://web.joongna.com/product/228177223,2026-05-11 20:43,32인치 티비겸모니터,,,UNKNOWN,N,,SALE,,,,,UNKNOWN
모니터,중고나라,228493076,32인치 티비겸모니터,113000,판매중,,https://img2.joongna.com/media/original/2026/05/11/1778499764163No0_191sZ.jpg?impolicy=thumb&size=150,https://web.joongna.com/product/228493076,2026-05-11 20:42,32인치 티비겸모니터,,,UNKNOWN,N,,SALE,,,,,UNKNOWN
모니터,중고나라,228282285,32인치 티비겸모니터,100000,판매중,,https://img2.joongna.com/media/original/2026/05/05/1777981392883WxH_ARSiI.jpg?impolicy=thumb&size=150,https://web.joongna.com/product/228282285,2026-05-11 20:42,32인치 티비겸모니터,,,UNKNOWN,N,,SALE,,,,,UNKNOWN
모니터,중고나라,228108203,32인치 티비겸모니터,110000,판매중,,https://img2.joongna.com/media/original/2026/04/30/17775493874107Nq_FOdje.jpg?impolicy=thumb&size=150,https://web.joongna.com/product/228108203,2026-05-11 20:42,32인치 티비겸모니터,,,UNKNOWN,N,,SALE,,,,,UNKNOWN
모니터,중고나라,228210052,32인치 티비겸모니터,90000,판매중,,https://img2.joongna.com/media/original/2026/05/03/1777808542208yli_bhF1H.jpg?impolicy=thumb&size=150,https://web.joongna.com/product/228210052,2026-05-11 20:42,32인치 티비겸모니터,,,UNKNOWN,N,,SALE,,,,,UNKNOWN
모니터,중고나라,228390169,32인치 티비겸모니터 2024년 구매했습니다,100000,판매중,,https://img2.joongna.com/media/original/2026/05/08/1778241123183MXw_2i0aD.jpg?impolicy=thumb&size=150,https://web.joongna.com/product/228390169,2026-05-11 20:42,32인치 티비겸모니터 2024년 구매했습니다,,,UNKNOWN,N,,SALE,,,,,UNKNOWN
모니터,중고나라,228344068,삼성 22인치 LED 모니터 S22E200B,40000,판매중,,https://img2.joongna.com/media/original/2026/05/07/1778135568822T13_zoba2.jpg?impolicy=thumb&size=150,https://web.joongna.com/product/228344068,2026-05-11 20:16,삼성 22인치 led 모니터 s22e200b,,,UNKNOWN,N,,SALE,,,,,UNKNOWN
모니터,중고나라,228492081,탄노이 cpa 5 모니터 스피커,150000,판매중,,https://img2.joongna.com/media/original/2026/05/11/17784981121273Ou_Gmmq7.jpg?impolicy=thumb&size=150,https://web.joongna.com/product/228492081,2026-05-11 20:15,탄노이 cpa 5 모니터 스피커,,,UNKNOWN,N,,SALE,,,,,UNKNOWN
모니터,중고나라,228492029,MSI MAG 272URDF800 E16 모니터,295000,판매중,,https://img2.joongna.com/media/original/2026/05/11/1778498021473iCy_VYbkz.jpg?impolicy=thumb&size=150,https://web.joongna.com/product/228492029,2026-05-11 20:13,msi mag 272urdf800 e16 모니터,,,UNKNOWN,N,,SALE,,,,,UNKNOWN
모니터,중고나라,228491217,에브니아 8900 32인치 4k oled 모니터 판매합니다.,680000,예약중,,https://img2.joongna.com/media/original/2026/05/11/17784961931404uG_AWLML.jpg?impolicy=thumb&size=150,https://web.joongna.com/product/228491217,2026-05-11 19:50,에브니아 8900 32인치 4k oled 모니터 .,,,UNKNOWN,N,,RESERVED,,,,,UNKNOWN
모니터,중고나라,227593388,LG 울트라기어 OLED 게이밍모니터 32GS95UVW,1050000,판매중,,https://img2.joongna.com/media/original/2026/04/16/1776348256780fiT_3g311.jpg?impolicy=thumb&size=150,https://web.joongna.com/product/227593388,2026-05-11 19:21,lg 울트라기어 oled 게이밍모니터 32gs95uvw,,,UNKNOWN,N,,SALE,,,,,UNKNOWN
모니터,중고나라,228258359,델 32인치 4K 모니터 P3223QE,460000,판매중,,https://img2.joongna.com/media/original/2026/05/05/1777939793341KEO_Q78fW.jpg?impolicy=thumb&size=150,https://web.joongna.com/product/228258359,2026-05-11 19:07,델 32인치 4k 모니터 p3223qe,,,UNKNOWN,N,,SALE,,,,,UNKNOWN
모니터,중고나라,228312931,LG 27GX700A 모니터,730000,예약중,,https://img2.joongna.com/media/original/2026/05/06/1778057557918Pbv_W0Dt1.jpg?impolicy=thumb&size=150,https://web.joongna.com/product/228312931,2026-05-11 19:07,lg 27gx700a 모니터,,,UNKNOWN,N,,RESERVED,,,,,UNKNOWN
모니터,중고나라,227017328,hp 오멘 omen 27q 27인치 게이밍 모니터,220000,판매중,,https://img2.joongna.com/media/original/2026/04/02/1775057940612olw_tO4bY.jpg?impolicy=thumb&size=150,https://web.joongna.com/product/227017328,2026-05-11 19:01,hp 오멘 omen 27q 27인치 게이밍 모니터,,,UNKNOWN,N,,SALE,,,,,UNKNOWN
모니터,중고나라,227088298,"md272upswcl msi 모니터 무결점, 구글 스마트 tv",270000,판매중,,https://img2.joongna.com/media/original/2026/04/03/17752178951591Gk_Xy45H.jpg?impolicy=thumb&size=150,https://web.joongna.com/product/227088298,2026-05-11 19:01,"md272upswcl msi 모니터 무결점, 구글 스마트 tv",,,UNKNOWN,N,,SALE,,,,,UNKNOWN
모니터,중고나라,228118451,인텔 G5400 DDR4 8G SSD250G 사무용 데스크탑 컴퓨터 PC 본체 모니터,160000,판매중,,https://img2.joongna.com/media/original/2026/05/01/1777587595921yif_W6RqL.jpg?impolicy=thumb&size=150,https://web.joongna.com/product/228118451,2026-05-11 19:51,인텔 g5400 ddr4 8g ssd250g 사무용 데스크탑 컴퓨터 pc 본체 모니터,,,desktop,N,,SALE,,,,,UNKNOWN
모니터,중고나라,228241069,"야마하 MSP5 STUDIO, 모니터 스피커 MSP5 스튜디오 MSP5STUDIO",335000,판매중,,https://img2.joongna.com/media/original/2026/05/11/1778495565412fG5_4H0Mo.jpg?impolicy=thumb&size=150,https://web.joongna.com/product/228241069,2026-05-11 19:33,"야마하 msp5 studio, 모니터 스피커 msp5 스튜디오 msp5studio",,,UNKNOWN,N,,SALE,,,,,UNKNOWN
모니터,중고나라,228407088,360 어라운드뷰 모니터 시스템,110000,판매중,,https://img2.joongna.com/media/original/2026/05/09/1778296275071hvV_aylQc.jpg?impolicy=thumb&size=150,https://web.joongna.com/product/228407088,2026-05-11 19:19,360 어라운드뷰 모니터 시스템,,,UNKNOWN,N,,SALE,,,,,UNKNOWN
모니터,중고나라,228491452,삼성 사무용 데스크탑 본체 32인치 모니터,125000,판매중,,https://img2.joongna.com/media/original/2026/05/11/1778496871715vdY_deG6x.jpg?impolicy=thumb&size=150,https://web.joongna.com/product/228491452,2026-05-11 19:57,삼성 사무용 데스크탑 본체 32인치 모니터,,,desktop,N,,SALE,,,,,UNKNOWN
모니터,중고나라,228491383,"28인치 LED TV 겸 모니터(리모컨, 선 포함)",50000,판매중,,https://img2.joongna.com/media/original/2026/05/11/17784969139621Zq_CySp9.jpg?impolicy=thumb&size=150,https://web.joongna.com/product/228491383,2026-05-11 19:55,"28인치 led tv 겸 모니터(리모컨, 선 포함)",,,UNKNOWN,N,,SALE,,,,,UNKNOWN
모니터,중고나라,228491222,텍트로닉스 760A 스테레오 오디오 모니터,430000,판매중,,https://img2.joongna.com/media/original/2026/05/11/1778496571725qZG_ykThu.jpg?impolicy=thumb&size=150,https://web.joongna.com/product/228491222,2026-05-11 19:50,텍트로닉스 760a 스테레오 오디오 모니터,,,UNKNOWN,N,,SALE,,,,,UNKNOWN
모니터,중고나라,228490945,야마하 HS5 모니터링 스피커 YAMAHA HS 5 1조,380000,판매중,,https://img2.joongna.com/media/original/2026/05/11/1778496182010jMj_D9HcC.jpg?impolicy=thumb&size=150,https://web.joongna.com/product/228490945,2026-05-11 19:43,야마하 hs5 모니터링 스피커 yamaha hs 5 1조,,,UNKNOWN,N,,SALE,,,,,UNKNOWN
모니터,중고나라,224112782,hdmi연결케이블 스마트폰모니터연결어댑터 무료배송,8000,판매중,,https://img2.joongna.com/media/original/2026/01/14/1768387059502oTQ_zMVVF.jpg?impolicy=thumb&size=150,https://web.joongna.com/product/224112782,2026-05-11 19:41,hdmi연결케이블 스마트폰모니터연결어댑터 무료배송,,,CABLE,Y,,SALE,,,,,UNKNOWN
모니터,중고나라,225531948,HDMI케이블 모니터케이블 티브연결케이블 5m 무료배송,10000,판매중,,https://img2.joongna.com/media/original/2026/02/22/1771750914570Z8e_xlmZL.jpg?impolicy=thumb&size=150,https://web.joongna.com/product/225531948,2026-05-11 19:40,hdmi케이블 모니터케이블 티브연결케이블 5m 무료배송,,,CABLE,Y,,SALE,,,,,UNKNOWN
모니터,중고나라,228490731,4K 게이밍 모니터,250000,판매중,,https://img2.joongna.com/media/original/2026/05/11/1778495768417CYe_XaDMe.jpg?impolicy=thumb&size=150,https://web.joongna.com/product/228490731,2026-05-11 19:36,4k 게이밍 모니터,,,UNKNOWN,N,,SALE,,,,,UNKNOWN
모니터,중고나라,228384762,허먼밀러 CBS 올린 모니터암 실버,370000,판매중,,https://img2.joongna.com/media/original/2026/05/08/1778230109304csc_hF9iV.jpg?impolicy=thumb&size=150,https://web.joongna.com/product/228384762,2026-05-11 19:33,허먼밀러 cbs 올린 모니터암 실버,,,UNKNOWN,N,,SALE,,,,,UNKNOWN
모니터,중고나라,225531332,모니터거치대 모니터테이블거치대 거치대 무료배송,37000,판매중,,https://img2.joongna.com/media/original/2026/02/22/1771749788146j6o_eOsfL.jpg?impolicy=thumb&size=150,https://web.joongna.com/product/225531332,2026-05-11 19:30,모니터거치대 모니터테이블거치대 거치대 무료배송,,,STAND,Y,,SALE,,,,,UNKNOWN
모니터,중고나라,228490460,[중고] 온랩 13.3인치 포터블 모니터 (ON-LAP 1302),35800,판매중,,https://img2.joongna.com/media/original/2026/05/11/1778495297868umW_y8Ms9.jpg?impolicy=thumb&size=150,https://web.joongna.com/product/228490460,2026-05-11 19:28,[중고] 온랩 13.3인치 포터블 모니터 (on-lap 1302),,,UNKNOWN,N,,SALE,,,,,UNKNOWN
모니터,중고나라,228177276,델 코리아 정발 AW3423DWF Dell Alienware 34인치 커브드 게이밍 모니터 미개봉,1120000,판매중,,https://img2.joongna.com/media/original/2026/05/02/1777722345793gwk_cL3v2.jpg?impolicy=thumb&size=150,https://web.joongna.com/product/228177276,2026-05-11 19:07,델 코리아 정발 aw3423dwf dell alienware 34인치 커브드 게이밍 모니터,,,UNKNOWN,N,,SALE,,,,,UNKNOWN
모니터,중고나라,226752654,삼성 S27A800U 27인치 4K 모니터,170000,판매중,,https://img2.joongna.com/media/original/2026/03/26/1774489007482ya6_iRnFW.jpg?impolicy=thumb&size=150,https://web.joongna.com/product/226752654,2026-05-11 18:52,삼성 s27a800u 27인치 4k 모니터,,,UNKNOWN,N,,SALE,,,,,UNKNOWN
모니터,중고나라,228109469,500Hz MSI Oled 게이밍 모니터,700000,판매중,,https://img2.joongna.com/media/original/2026/04/30/1777551557743mCu_HWqVN.jpg?impolicy=thumb&size=150,https://web.joongna.com/product/228109469,2026-05-11 18:39,500hz msi oled 게이밍 모니터,,,UNKNOWN,N,,SALE,,,,,UNKNOWN
모니터,중고나라,225789183,블랙매직디자인 비디오 어시스트 7인치 12G HDR 프리뷰모니터 상태S급 판매,850000,예약중,,https://img2.joongna.com/media/original/2026/03/01/1772345719673QJE_Hejjg.jpg?impolicy=thumb&size=150,https://web.joongna.com/product/225789183,2026-05-11 18:33,블랙매직디자인 비디오 어시스트 7인치 12g hdr 프리뷰모니터 상태s급,,,UNKNOWN,N,,RESERVED,,,,,UNKNOWN
모니터,중고나라,228489473,필립스 전자잉크 eink 모니터 스크린 13.3 인치(블랙 13B1K3300),600000,판매중,,https://img2.joongna.com/media/original/2026/05/11/1778493531860E1E_2sYaf.jpg?impolicy=thumb&size=150,https://web.joongna.com/product/228489473,2026-05-11 18:58,필립스 전자잉크 eink 모니터 스크린 13.3 인치(블랙 13b1k3300),,,UNKNOWN,N,,SALE,,,,,UNKNOWN
모니터,중고나라,228262897,룸미러형 모니터 후방 대쉬캠 블랙박스 DVR,65000,판매중,,https://img2.joongna.com/media/original/2026/05/05/1777948664261zkA_cq4Pl.jpg?impolicy=thumb&size=150,https://web.joongna.com/product/228262897,2026-05-11 18:37,룸미러형 모니터 후방 대쉬캠 블랙박스 dvr,,,BOX,Y,,SALE,,,,,UNKNOWN
모니터,중고나라,227948418,lg34gk950f 34인치 lg 와이드모니터 울트라와이드 액정나감,80000,판매중,,https://img2.joongna.com/media/original/2026/04/26/1777185741590mQC_FjkfP.jpg?impolicy=thumb&size=150,https://web.joongna.com/product/227948418,2026-05-11 18:29,lg34gk950f 34인치 lg 와이드모니터 울트라와이드 액정나감,,,UNKNOWN,N,,SALE,,,,,UNKNOWN
모니터,중고나라,227056843,벤큐 RD320UA 32인치 4K 모니터 rd280ua 상위 모델 rd320u,950000,판매중,,https://img2.joongna.com/media/original/2026/04/03/1775143663506aHU_W0zjB.jpg?impolicy=thumb&size=150,https://web.joongna.com/product/227056843,2026-05-11 18:25,벤큐 rd320ua 32인치 4k 모니터 rd280ua 상위 모델 rd320u,,,UNKNOWN,N,,SALE,,,,,UNKNOWN
모니터,중고나라,228073158,LG 클라우드 피봇 모니터 23CAV42K,50000,판매중,,https://img2.joongna.com/media/original/2026/04/29/1777464274067Qlq_uKd8U.jpg?impolicy=thumb&size=150,https://web.joongna.com/product/228073158,2026-05-11 18:51,lg 클라우드 피봇 모니터 23cav42k,,,UNKNOWN,N,,SALE,,,,,UNKNOWN
모니터,중고나라,228389072,삼성 M5 32인치 모니터 팝니다 LS32FM503EKXKR,230000,판매중,,https://img2.joongna.com/media/original/2026/05/08/1778238729881nUp_7cHsG.jpg?impolicy=thumb&size=150,https://web.joongna.com/product/228389072,2026-05-11 18:41,삼성 m5 32인치 모니터 ls32fm503ekxkr,,,UNKNOWN,N,,SALE,,,,,UNKNOWN
모니터,중고나라,228259944,BARROWCH 8.8인치 PC보조모니터 AIDA64 PC모니터링 8인치모니터,60000,판매중,,https://img2.joongna.com/media/original/2026/05/05/1777943366579ci9_8VWv0.jpg?impolicy=thumb&size=150,https://web.joongna.com/product/228259944,2026-05-11 18:37,barrowch 8.8인치 pc보조모니터 aida64 pc모니터링 8인치모니터,,,desktop,N,,SALE,,,,,UNKNOWN
모니터,중고나라,227041463,렉서스 ux2019년형 순정모니터입니다,140000,판매중,,https://img2.joongna.com/media/original/2026/04/02/1775118013747GZS_Ktjgb.jpg?impolicy=thumb&size=150,https://web.joongna.com/product/227041463,2026-05-11 18:30,렉서스 ux2019년형 순정모니터입니다,,,UNKNOWN,N,,SALE,,,,,UNKNOWN
모니터,중고나라,228488146,삼성 스마트 모니터 M5 32인치 화이트 미개봉,230000,판매중,,https://img2.joongna.com/media/original/2026/05/11/17784912525360PA_Xyb9d.jpg?impolicy=thumb&size=150,https://web.joongna.com/product/228488146,2026-05-11 18:20,삼성 스마트 모니터 m5 32인치 화이트,,,UNKNOWN,N,,SALE,,,,,UNKNOWN
모니터,중고나라,228111802,웨스톤 Westone W60 모니터링 이어폰,230000,판매중,,https://img2.joongna.com/media/original/2026/04/30/1777555918932bS4_Hgvyz.jpg?impolicy=thumb&size=150,https://web.joongna.com/product/228111802,2026-05-11 17:24,웨스톤 westone w60 모니터링 이어폰,,,UNKNOWN,N,,SALE,,,,,UNKNOWN
모니터,중고나라,228320384,34인치 게이밍 모니터 AW3423DW,500000,판매중,,https://img2.joongna.com/media/original/2026/05/06/1778070652475oFN_fZWVX.jpg?impolicy=thumb&size=150,https://web.joongna.com/product/228320384,2026-05-11 17:09,34인치 게이밍 모니터 aw3423dw,,,UNKNOWN,N,,SALE,,,,,UNKNOWN
모니터,중고나라,214309824,제네시스BH 순정AVN.제네시스 순정 모니터,90000,판매중,,https://img2.joongna.com/cafe-article-data/live/2025/07/03/1110569323/1751541087793_000_lUtDv_main.jpg?impolicy=thumb&size=150,https://web.joongna.com/product/214309824,2026-05-11 17:10,제네시스bh 순정avn.제네시스 순정 모니터,,,UNKNOWN,N,,SALE,,,,,UNKNOWN
모니터,중고나라,227956052,모니터 마운트 선반 거치대,9000,판매중,,https://img2.joongna.com/media/original/2026/04/26/1777199178722H4b_Slvxz.jpg?impolicy=thumb&size=150,https://web.joongna.com/product/227956052,2026-05-11 17:13,모니터 마운트 선반 거치대,,,STAND,Y,,SALE,,,,,UNKNOWN
모니터,중고나라,227231247,PG248 (248QP 아님) 144hz 모니터 팝니다,80000,판매중,,https://img2.joongna.com/media/original/2026/04/07/1775549817672j0H_eR6vG.jpg?impolicy=thumb&size=150,https://web.joongna.com/product/227231247,2026-05-11 17:31,pg248 (248qp 아님) 144hz 모니터,,,UNKNOWN,N,,SALE,,,,,UNKNOWN
모니터,중고나라,222375908,LG IPS 27인치 모니터 27UD88,160000,판매중,,https://img2.joongna.com/media/original/2025/11/28/1764337411447ey9_KDv5O.jpg?impolicy=thumb&size=150,https://web.joongna.com/product/222375908,2026-05-11 17:25,lg ips 27인치 모니터 27ud88,,,UNKNOWN,N,,SALE,,,,,UNKNOWN
모니터,중고나라,227477870,새제품 테슬라 신형 스위블 3세대 모니터 디스플레이 사토닉,70000,판매중,,https://img2.joongna.com/media/original/2026/04/14/1776092853926HGr_hOAhe.jpg?impolicy=thumb&size=150,https://web.joongna.com/product/227477870,2026-05-11 17:06,새제품 테슬라 신형 스위블 3세대 모니터 디스플레이 사토닉,,,UNKNOWN,N,,SALE,,,,,UNKNOWN
모니터,중고나라,228216878,"j5create USB to HDMI 디스플레이 어댑터, 모니터 확장 케이블(외장 그래픽카드) NEXT-JUA250",28000,판매중,,https://img2.joongna.com/media/original/2026/05/04/1777821308318q6i_yBqkF.jpg?impolicy=thumb&size=150,https://web.joongna.com/product/228216878,2026-05-11 17:59,"j5create usb to hdmi 디스플레이 어댑터, 모니터 확장 케이블(외장 그래픽카드) next-jua250",,,CABLE,Y,,SALE,,,,,UNKNOWN
모니터,중고나라,228487390,LG 32인치모니터 32MN58HMW,120000,판매중,,https://img2.joongna.com/media/original/2026/05/11/1778489963797L38_8CGe0.jpg?impolicy=thumb&size=150,https://web.joongna.com/product/228487390,2026-05-11 17:59,lg 32인치모니터 32mn58hmw,,,UNKNOWN,N,,SALE,,,,,UNKNOWN
모니터,중고나라,228487095,LG전자 게이밍 모니터 울트라기어 27인치,240000,판매중,,https://img2.joongna.com/media/original/2026/05/11/1778489413219wh1_UrbGh.jpg?impolicy=thumb&size=150,https://web.joongna.com/product/228487095,2026-05-11 17:50,lg전자 게이밍 모니터 울트라기어 27인치,,,UNKNOWN,N,,SALE,,,,,UNKNOWN
모니터,중고나라,224296486,그렌져 HG 트립 모니터,50000,판매중,,https://img2.joongna.com/media/original/2026/01/19/1768813816443Pz0_8Ct2n.jpg?impolicy=thumb&size=150,https://web.joongna.com/product/224296486,2026-05-11 17:10,그렌져 hg 트립 모니터,,,UNKNOWN,N,,SALE,,,,,UNKNOWN
모니터,중고나라,228245808,티볼리 순정 모니터 avn,80000,판매중,,https://img2.joongna.com/media/original/2026/05/04/1777893630148wUo_n3Lpa.jpg?impolicy=thumb&size=150,https://web.joongna.com/product/228245808,2026-05-11 17:06,티볼리 순정 모니터 avn,,,UNKNOWN,N,,SALE,,,,,UNKNOWN
모니터,중고나라,227799868,BenQ SW240 사진/디자인/영상 전문가용 모니터 팝니다. 벤큐 작업용 모니터,270000,판매중,,https://img2.joongna.com/media/original/2026/04/25/1777124628038fWZ_mpkXt.jpeg?impolicy=thumb&size=150,https://web.joongna.com/product/227799868,2026-05-11 17:04,benq sw240 사진/디자인/영상 전문가용 모니터 . 벤큐 작업용 모니터,,,UNKNOWN,N,,SALE,,,,,UNKNOWN
모니터,중고나라,228333159,lg 32인치 qhd 165hz 모니터 택포,270000,판매중,,https://img2.joongna.com/media/original/2026/05/07/17781174046578YQ_cU41S.jpg?impolicy=thumb&size=150,https://web.joongna.com/product/228333159,2026-05-11 16:46,lg 32인치 qhd 165hz 모니터,,,UNKNOWN,N,,SALE,,,,,UNKNOWN
모니터,중고나라,228484213,포칼 Focal Shape 65 페어 판매합니다 (홈스튜디오/모니터스피커),1050000,판매중,,https://img2.joongna.com/media/original/2026/05/11/17784849686773fq_wRSgy.jpg?impolicy=thumb&size=150,https://web.joongna.com/product/228484213,2026-05-11 16:37,포칼 focal shape 65 페어 (홈스튜디오/모니터스피커),,,UNKNOWN,N,,SALE,,,,,UNKNOWN
모니터,중고나라,228363047,LG 울트라기어 27GN650 27인치 모니터,140000,판매중,,https://img2.joongna.com/media/original/2026/05/08/1778172026497qUa_UBdaG.jpg?impolicy=thumb&size=150,https://web.joongna.com/product/228363047,2026-05-11 16:26,lg 울트라기어 27gn650 27인치 모니터,,,UNKNOWN,N,,SALE,,,,,UNKNOWN
모니터,중고나라,228409171,"32인치 스마트 모니터(삼성, LS32FM503EKXKR) 택포",227000,판매중,,https://img2.joongna.com/media/original/2026/05/09/1778300075361BjU_Pro05.jpg?impolicy=thumb&size=150,https://web.joongna.com/product/228409171,2026-05-11 16:57,"32인치 스마트 모니터(삼성, ls32fm503ekxkr)",,,UNKNOWN,N,,SALE,,,,,UNKNOWN
모니터,중고나라,228484831,모니터암,20000,판매중,,https://img2.joongna.com/media/original/2026/05/11/1778485994639bnm_Lszy3.jpg?impolicy=thumb&size=150,https://web.joongna.com/product/228484831,2026-05-11 16:53,모니터암,,,UNKNOWN,N,,SALE,,,,,UNKNOWN
모니터,중고나라,228484795,모니터암,30000,판매중,,https://img2.joongna.com/media/original/2026/05/11/17784859368876BZ_5voCr.jpg?impolicy=thumb&size=150,https://web.joongna.com/product/228484795,2026-05-11 16:52,모니터암,,,UNKNOWN,N,,SALE,,,,,UNKNOWN
모니터,중고나라,228484446,그린아이티씨 gl-ST320F2 32모니터,50000,판매중,,https://img2.joongna.com/media/original/2026/05/11/1778485381808wO0_giqHv.jpg?impolicy=thumb&size=150,https://web.joongna.com/product/228484446,2026-05-11 16:43,그린아이티씨 gl-st320f2 32모니터,,,UNKNOWN,N,,SALE,,,,,UNKNOWN
모니터,중고나라,228484300,lg 4k uhd 울트라기어 게이밍 모니터 32gs94u 미개봉 새제품 팝니다.,620000,판매중,,https://img2.joongna.com/media/original/2026/05/11/1778485169947IGD_fB1ff.jpg?impolicy=thumb&size=150,https://web.joongna.com/product/228484300,2026-05-11 16:39,lg 4k uhd 울트라기어 게이밍 모니터 32gs94u 새제품 .,,,UNKNOWN,N,,SALE,,,,,UNKNOWN
모니터,중고나라,228484272,아이소어쿠스틱스 IsoAcoustics ISO-155 스튜디오 모니터 스탠드 (풀박스 거의새것),160000,판매중,,https://img2.joongna.com/media/original/2026/05/11/17784850570983Uc_vombk.jpg?impolicy=thumb&size=150,https://web.joongna.com/product/228484272,2026-05-11 16:38,아이소어쿠스틱스 isoacoustics iso-155 스튜디오 모니터 스탠드 (스 ),,,UNKNOWN,N,,SALE,,,,,UNKNOWN
모니터,중고나라,226722449,벤토사 차량용 헤드레스트 거치대 2세대 휴대용 모니터 거치대,13000,판매중,,https://img2.joongna.com/media/original/2026/03/25/17744178629626pr_y9DBq.jpg?impolicy=thumb&size=150,https://web.joongna.com/product/226722449,2026-05-11 16:35,벤토사 차량용 헤드레스트 거치대 2세대 휴대용 모니터 거치대,,,STAND,Y,,SALE,,,,,UNKNOWN
모니터,중고나라,228484098,마샬 모니터3anc 블랙팝니다,330000,판매중,,https://img2.joongna.com/media/original/2026/05/11/1778484857785jOd_Szhdl.jpg?impolicy=thumb&size=150,https://web.joongna.com/product/228484098,2026-05-11 16:34,마샬 모니터3anc 블랙,,,UNKNOWN,N,,SALE,,,,,UNKNOWN
모니터,중고나라,228484066,노스바유 싱글 모니터암 NB F80,18000,판매중,,https://img2.joongna.com/media/original/2026/05/11/1778484789132nZq_crw9P.jpg?impolicy=thumb&size=150,https://web.joongna.com/product/228484066,2026-05-11 16:33,노스바유 싱글 모니터암 nb f80,,,UNKNOWN,N,,SALE,,,,,UNKNOWN
모니터,중고나라,228483767,[모니터] 에이서 니트로 ED343CUR X 34인치 240Hz 울트라와이드 커브드 게이밍 모니터,250000,예약중,,https://img2.joongna.com/media/original/2026/05/11/1778484240127mF6_GN4C4.jpg?impolicy=thumb&size=150,https://web.joongna.com/product/228483767,2026-05-11 16:25,[모니터] 에이서 니트로 ed343cur x 34인치 240hz 울트라와이드 커브드 게이밍 모니터,,,UNKNOWN,N,,RESERVED,,,,,UNKNOWN
모니터,중고나라,228431438,엘레센스 2in1 모니터 라이트바 E1132,45000,거래완료,,https://img2.joongna.com/media/original/2026/05/10/1778344387438mC0_JLFDs.jpg?impolicy=thumb&size=150,https://web.joongna.com/product/228431438,2026-05-11 16:21,엘레센스 2in1 모니터 라이트바 e1132,,,UNKNOWN,N,,SOLD,,,,,UNKNOWN
모니터,중고나라,221505111,삼성 모니터 아답타,15000,판매중,,https://img2.joongna.com/media/original/2025/11/05/1762326858176diV_PQWmC.jpg?impolicy=thumb&size=150,https://web.joongna.com/product/221505111,2026-05-11 16:13,삼성 모니터 아답타,,,UNKNOWN,N,,SALE,,,,,UNKNOWN
모니터,중고나라,226653498,22인치 게이밍 모니터,80000,판매중,,https://img2.joongna.com/media/original/2026/03/23/177426337843220D_ly3YK.jpg?impolicy=thumb&size=150,https://web.joongna.com/product/226653498,2026-05-11 16:12,22인치 게이밍 모니터,,,UNKNOWN,N,,SALE,,,,,UNKNOWN
모니터,중고나라,227678062,4K 트리플 모니터 분배기 팝니다.,80000,판매중,,https://img2.joongna.com/media/original/2026/04/19/17765675041083m8_WvsxY.jpg?impolicy=thumb&size=150,https://web.joongna.com/product/227678062,2026-05-11 16:02,4k 트리플 모니터 분배기 .,,,UNKNOWN,N,,SALE,,,,,UNKNOWN
모니터,중고나라,228380494,삼성 27인치 커브 모니터 C27F390F,75000,거래완료,,https://img2.joongna.com/media/original/2026/05/08/1778222980502SzW_TKoYv.jpg?impolicy=thumb&size=150,https://web.joongna.com/product/228380494,2026-05-11 16:01,삼성 27인치 커브 모니터 c27f390f,,,UNKNOWN,N,,SOLD,,,,,UNKNOWN
모니터,중고나라,224983309,모니터 & 타lkback 컨트롤러 세트,270000,판매중,,https://img2.joongna.com/media/original/2026/02/06/1770368675686SSY_Lb8uF.jpg?impolicy=thumb&size=150,https://web.joongna.com/product/224983309,2026-05-11 16:01,모니터 & 타lkback 컨트롤러 세트,,,UNKNOWN,N,,SALE,,,,,UNKNOWN
모니터,중고나라,227699986,벤큐 모니터 ZOWIE XL2566X,800000,판매중,,https://img2.joongna.com/media/original/2026/04/19/1776604760786mFf_nFW77.jpg?impolicy=thumb&size=150,https://web.joongna.com/product/227699986,2026-05-11 15:13,벤큐 모니터 zowie xl2566x,,,UNKNOWN,N,,SALE,,,,,UNKNOWN
모니터,중고나라,228482519,Dell P2419H 피벗 모니터,60000,판매중,,https://img2.joongna.com/media/original/2026/05/11/17784823925529zq_NFC0k.jpg?impolicy=thumb&size=150,https://web.joongna.com/product/228482519,2026-05-11 15:53,dell p2419h 피벗 모니터,,,UNKNOWN,N,,SALE,,,,,UNKNOWN
모니터,중고나라,228109985,LG 울트라기어 34GK950F 34인치 144hz 게이밍 커브드 모니터(파손) 부품용 처분!,50000,판매중,,https://img2.joongna.com/media/original/2026/04/30/1777552566665Mb7_HH31k.jpg?impolicy=thumb&size=150,https://web.joongna.com/product/228109985,2026-05-11 15:38,lg 울트라기어 34gk950f 34인치 144hz 게이밍 커브드 모니터(파손) 부품용 처분!,,,PARTS,Y,,SALE,,,,,UNKNOWN
모니터,중고나라,228279722,LG 43인치 모니터 43u712a,360000,판매중,,https://img2.joongna.com/media/original/2026/05/05/1777976933732Mu6_NgnMw.jpg?impolicy=thumb&size=150,https://web.joongna.com/product/228279722,2026-05-11 15:25,lg 43인치 모니터 43u712a,,,UNKNOWN,N,,SALE,,,,,UNKNOWN
모니터,중고나라,228482552,고장난 삼성 오디세이 g5 모니터 판매합니다.,30000,판매중,,https://img2.joongna.com/media/original/2026/05/11/1778482459532wfY_Cy9xL.jpg?impolicy=thumb&size=150,https://web.joongna.com/product/228482552,2026-05-11 15:54,고장난 삼성 오디세이 g5 모니터 .,,,PARTS,Y,,SALE,,,,,UNKNOWN
모니터,중고나라,228445675,삼성 22인치 모니터 LS22D360 (내용필독),12000,판매중,,https://img2.joongna.com/media/original/2026/05/10/1778392902432LnG_7unHB.jpg?impolicy=thumb&size=150,https://web.joongna.com/product/228445675,2026-05-11 15:49,삼성 22인치 모니터 ls22d360 (내용필독),,,UNKNOWN,N,,SALE,,,,,UNKNOWN
모니터,중고나라,228481922,LG 울트라기어 24GN600 24인치 144hz IPS 게이밍 모니터 팝니다,65000,거래완료,,https://img2.joongna.com/media/original/2026/05/11/1778481429248SGu_D4d8E.jpg?impolicy=thumb&size=150,https://web.joongna.com/product/228481922,2026-05-11 15:37,lg 울트라기어 24gn600 24인치 144hz ips 게이밍 모니터,,,UNKNOWN,N,,SOLD,,,,,UNKNOWN
모니터,중고나라,228481747,PALLO 팔로 WOODY STARTER 모니터 받침대,5000,판매중,,https://img2.joongna.com/media/original/2026/05/11/17784811259753FN_utDjc.JPG?impolicy=thumb&size=150,https://web.joongna.com/product/228481747,2026-05-11 15:32,pallo 팔로 woody starter 모니터 받침대,,,UNKNOWN,N,,SALE,,,,,UNKNOWN
모니터,중고나라,228176047,델 모니터 30인치 up3017 신품 팔아요 (디자인 전용 모니터),950000,판매중,,https://img2.joongna.com/media/original/2026/05/02/1777719833553oT8_nOTVw.jpg?impolicy=thumb&size=150,https://web.joongna.com/product/228176047,2026-05-11 15:31,델 모니터 30인치 up3017 신품 (디자인 전용 모니터),,,UNKNOWN,N,,SALE,,,,,UNKNOWN
모니터,중고나라,227798331,모니터링 스피커 ESI Near i5 풀박 1조,306000,판매중,,https://img2.joongna.com/media/original/2026/04/22/1776835013588IC4_pNTVx.jpg?impolicy=thumb&size=150,https://web.joongna.com/product/227798331,2026-05-11 15:28,모니터링 스피커 esi near i5 1조,,,UNKNOWN,N,,SALE,,,,,UNKNOWN
모니터,중고나라,228481519,액티브 스튜디오 모니터 스피커,900000,판매중,,https://img2.joongna.com/media/original/2026/05/11/1778480784169jS8_fnN6a.jpg?impolicy=thumb&size=150,https://web.joongna.com/product/228481519,2026-05-11 15:26,액티브 스튜디오 모니터 스피커,,,UNKNOWN,N,,SALE,,,,,UNKNOWN
모니터,중고나라,219189507,올뉴K7 모니터 (96525-F6000),70000,판매중,,https://img2.joongna.com/media/original/2025/09/10/1757478674307s8h_QpRYK.jpg?impolicy=thumb&size=150,https://web.joongna.com/product/219189507,2026-05-11 15:20,올뉴k7 모니터 (96525-f6000),,,UNKNOWN,N,,SALE,,,,,UNKNOWN
모니터,중고나라,228399297,LG 모니터 노트북 어뎁터 팝니다,15000,판매중,,https://img2.joongna.com/media/original/2026/05/09/1778277026845i1W_M0sIH.jpg?impolicy=thumb&size=150,https://web.joongna.com/product/228399297,2026-05-11 15:13,lg 모니터 노트북 어뎁터,,,laptop,N,,SALE,,,,,UNKNOWN
모니터,중고나라,228105639,게이밍 모니터,150000,판매중,,https://img2.joongna.com/media/original/2026/04/30/1777544363006XJI_Y0CyK.jpg?impolicy=thumb&size=150,https://web.joongna.com/product/228105639,2026-05-11 15:11,게이밍 모니터,,,UNKNOWN,N,,SALE,,,,,UNKNOWN
모니터,중고나라,228480848,tcl 아이팔콘 55u85 4k mini led 모니터 스마트tv,430000,판매중,,https://img2.joongna.com/media/original/2026/05/11/1778479640392nh7_5b9QS.jpg?impolicy=thumb&size=150,https://web.joongna.com/product/228480848,2026-05-11 15:07,tcl 아이팔콘 55u85 4k mini led 모니터 스마트tv,,,UNKNOWN,N,,SALE,,,,,UNKNOWN
모니터,중고나라,228480589,m-audio BX5 D2 모니터 스피커,75000,판매중,,https://img2.joongna.com/media/original/2026/05/11/1778479226374i64_knkH3.jpg?impolicy=thumb&size=150,https://web.joongna.com/product/228480589,2026-05-11 15:00,m-audio bx5 d2 모니터 스피커,,,UNKNOWN,N,,SALE,,,,,UNKNOWN
모니터,중고나라,228132170,필월드(Feel World) LUT7 배터리 2개 판매해요 ^^ (필드 모니터),250000,예약중,,https://img2.joongna.com/media/original/2026/05/01/1777614615460mfT_0IyFf.jpg?impolicy=thumb&size=150,https://web.joongna.com/product/228132170,2026-05-11 14:08,필월드(feel world) lut7 배터리 2개 해요 ^^ (필드 모니터),,,UNKNOWN,N,,RESERVED,,,,,UNKNOWN
모니터,중고나라,228091988,최고급 12인치모니터전용스피커 무대모니터스피커 400w 고급형 판매,298000,판매중,,https://img2.joongna.com/media/original/2026/04/30/1777520941922d5Y_JSaGE.jpg?impolicy=thumb&size=150,https://web.joongna.com/product/228091988,2026-05-11 14:58,최고급 12인치모니터전용스피커 무대모니터스피커 400w 고급형,,,UNKNOWN,N,,SALE,,,,,UNKNOWN
모니터,중고나라,228480382,AIMECCA 23인치 모니터 중고 모니터,11000,판매중,,https://img2.joongna.com/media/original/2026/05/11/1778477029122nWk_OjNJ4.jpg?impolicy=thumb&size=150,https://web.joongna.com/product/228480382,2026-05-11 14:54,aimecca 23인치 모니터 중고 모니터,,,UNKNOWN,N,,SALE,,,,,UNKNOWN
모니터,중고나라,228479782,삼성 오디세이 G5 S32DG500 IPS 32인치 QHD 평면 모니터,250000,판매중,,https://img2.joongna.com/media/original/2026/05/11/1778477762159dBH_0NjjX.jpg?impolicy=thumb&size=150,https://web.joongna.com/product/228479782,2026-05-11 14:37,삼성 오디세이 g5 s32dg500 ips 32인치 qhd 평면 모니터,,,UNKNOWN,N,,SALE,,,,,UNKNOWN
모니터,중고나라,228308880,삼성전자 오디세이 G6 G65B S27BG650 27인치 게이밍 모니터 2대 QHD 240Hz 1ms,270000,판매중,,https://img2.joongna.com/media/original/2026/05/06/1778051326219iba_gJ0nQ.jpg?impolicy=thumb&size=150,https://web.joongna.com/product/228308880,2026-05-11 14:14,삼성전자 오디세이 g6 g65b s27bg650 27인치 게이밍 모니터 2대 qhd 240hz 1ms,,,UNKNOWN,N,,SALE,,,,,UNKNOWN
모니터,중고나라,228412756,LG 32GK850F 32인치 144 QHD 모니터,130000,거래완료,,https://img2.joongna.com/media/original/2026/05/09/1778306205870RZm_QYFfy.jpg?impolicy=thumb&size=150,https://web.joongna.com/product/228412756,2026-05-11 14:01,lg 32gk850f 32인치 144 qhd 모니터,,,UNKNOWN,N,,SOLD,,,,,UNKNOWN
모니터,중고나라,228480561,컴퓨터(모니터+본체),4000000,판매중,,https://img2.joongna.com/media/original/2026/05/11/177847918090436l_QASHD.jpg?impolicy=thumb&size=150,https://web.joongna.com/product/228480561,2026-05-11 14:59,컴퓨터(모니터+본체),,,desktop,N,,SALE,,,,,UNKNOWN
모니터,중고나라,228480532,AIMECCA 24인치 모니터 중고 모니터,11000,판매중,,https://img2.joongna.com/media/original/2026/05/11/1778479070976pao_kAyxA.jpg?impolicy=thumb&size=150,https://web.joongna.com/product/228480532,2026-05-11 14:58,aimecca 24인치 모니터 중고 모니터,,,UNKNOWN,N,,SALE,,,,,UNKNOWN
모니터,중고나라,228480528,컴퓨터(모니터+본체),4000000,판매중,,https://img2.joongna.com/media/original/2026/05/11/1778479126077hmx_oKz4d.jpg?impolicy=thumb&size=150,https://web.joongna.com/product/228480528,2026-05-11 14:58,컴퓨터(모니터+본체),,,desktop,N,,SALE,,,,,UNKNOWN
모니터,중고나라,228480482,AIMECCA 24인치 모니터 중고 모니터,11000,판매중,,https://img2.joongna.com/media/original/2026/05/11/1778478978929kHs_6jTs9.jpg?impolicy=thumb&size=150,https://web.joongna.com/product/228480482,2026-05-11 14:57,aimecca 24인치 모니터 중고 모니터,,,UNKNOWN,N,,SALE,,,,,UNKNOWN
모니터,중고나라,228452119,101cm 40인치 사이니지 DID 카페 메뉴판 모니터 usb형,143000,판매중,,https://img2.joongna.com/media/original/2026/05/10/1778403485782vQ9_4UJxZ.jpg?impolicy=thumb&size=150,https://web.joongna.com/product/228452119,2026-05-11 14:46,101cm 40인치 사이니지 did 카페 메뉴판 모니터 usb형,,,UNKNOWN,N,,SALE,,,,,UNKNOWN
모니터,중고나라,228479925,IMI 모니터 스피커 스탠드 화이트 1개 팝니다,25000,판매중,,https://img2.joongna.com/media/original/2026/05/11/1778478100973IPq_N48rX.jpg?impolicy=thumb&size=150,https://web.joongna.com/product/228479925,2026-05-11 14:41,imi 모니터 스피커 스탠드 화이트 1개,,,UNKNOWN,N,,SALE,,,,,UNKNOWN
모니터,중고나라,228380004,레노버 휴대용 모니터 LT1421WD,60000,판매중,,https://img2.joongna.com/media/original/2026/05/08/1778222141807GnQ_rlXxK.jpg?impolicy=thumb&size=150,https://web.joongna.com/product/228380004,2026-05-11 14:31,레노버 휴대용 모니터 lt1421wd,,,UNKNOWN,N,,SALE,,,,,UNKNOWN
모니터,중고나라,228430644,"어고트론 hx 모니터암 블랙, 고강도 틸트 헤드",200000,거래완료,,https://img2.joongna.com/media/original/2026/05/10/1778340749110GPn_SH5gY.jpg?impolicy=thumb&size=150,https://web.joongna.com/product/228430644,2026-05-11 14:30,"어고트론 hx 모니터암 블랙, 고강도 틸트 헤드",,,UNKNOWN,N,,SOLD,,,,,UNKNOWN
모니터,중고나라,227529294,ROKIT5 G5 모니터링 스피커 캔스톤 스탠드,480000,판매중,,https://img2.joongna.com/media/original/2026/04/15/1776221420003X7E_npjgp.jpg?impolicy=thumb&size=150,https://web.joongna.com/product/227529294,2026-05-11 14:18,rokit5 g5 모니터링 스피커 캔스톤 스탠드,,,UNKNOWN,N,,SALE,,,,,UNKNOWN
모니터,중고나라,228478546,틸타 DJI 트랜스미션 고휘도 리모트 모니터 배터리 플레이트 TGA-HRM-BTP-V,2000,판매중,,https://img2.joongna.com/media/original/2026/05/11/1778475738708zFE_l3oRu.jpg?impolicy=thumb&size=150,https://web.joongna.com/product/228478546,2026-05-11 14:02,틸타 dji 트랜스미션 고휘도 리모트 모니터 배터리 플레이트 tga-hrm-btp-v,,,UNKNOWN,N,,SALE,,,,,UNKNOWN
모니터,중고나라,227921616,니로 sg2 4.2인치 계기판 모니터 일체형 판매합니다.,300000,판매중,,https://img2.joongna.com/media/original/2026/04/25/1777113617079eHY_JLokh.jpg?impolicy=thumb&size=150,https://web.joongna.com/product/227921616,2026-05-11 14:01,니로 sg2 4.2인치 계기판 모니터 일체형 .,,,UNKNOWN,N,,SALE,,,,,UNKNOWN
모니터,중고나라,228368307,Shure SE535LTD 모니터링 인이어 새제품급 판매합니다.,320000,거래완료,,https://img2.joongna.com/media/original/2026/05/08/1778202634340nPR_P7uPi.jpg?impolicy=thumb&size=150,https://web.joongna.com/product/228368307,2026-05-11 13:53,shure se535ltd 모니터링 인이어 새제품급 .,,,UNKNOWN,N,,SOLD,,,,,UNKNOWN
모니터,중고나라,228355791,삼성 M7 43인치 스마트TV 모니터(LS43FM700) 블랙색상 팝니다,450000,판매중,,https://img2.joongna.com/media/original/2026/05/07/1778154964873sNb_VDLWR.jpg?impolicy=thumb&size=150,https://web.joongna.com/product/228355791,2026-05-11 13:51,삼성 m7 43인치 스마트tv 모니터(ls43fm700) 블랙색상,,,UNKNOWN,N,,SALE,,,,,UNKNOWN
모니터,중고나라,228355301,dell 에일리언웨어 aw2724hf 0.5ms 360hz ips 27인치 게이밍 모니터 팝니다,250000,판매중,,https://img2.joongna.com/media/original/2026/05/07/17781544243509Le_qftmu.jpg?impolicy=thumb&size=150,https://web.joongna.com/product/228355301,2026-05-11 13:51,dell 에일리언웨어 aw2724hf 0.5ms 360hz ips 27인치 게이밍 모니터,,,UNKNOWN,N,,SALE,,,,,UNKNOWN
모니터,중고나라,228337643,브리츠 BR-Monitor5 블루투스 스피커 미개봉 팝니다.,100000,판매중,,https://img2.joongna.com/media/original/2026/05/07/1778125105729mTz_3XUBg.jpg?impolicy=thumb&size=150,https://web.joongna.com/product/228337643,2026-05-11 13:43,브리츠 br-monitor5 블루투스 스피커 .,,,UNKNOWN,N,,SALE,,,,,UNKNOWN
모니터,중고나라,228123244,애플 30인치 모니터 (애플 시네마디스플레이),200000,판매중,,https://img2.joongna.com/media/original/2026/05/01/1777600667695bAu_NYtc6.jpg?impolicy=thumb&size=150,https://web.joongna.com/product/228123244,2026-05-11 13:24,애플 30인치 모니터 (애플 시네마디스플레이),,,UNKNOWN,N,,SALE,,,,,UNKNOWN
모니터,중고나라,228477221,LG 23ET63 23인치 터치모니터 판매합니다.,60000,판매중,,https://img2.joongna.com/media/original/2026/05/11/1778473409839W4y_LZ4hM.jpg?impolicy=thumb&size=150,https://web.joongna.com/product/228477221,2026-05-11 13:23,lg 23et63 23인치 터치모니터 .,,,UNKNOWN,N,,SALE,,,,,UNKNOWN
